travel_time,id,kind,action,origin,destination,start_time,reward,cost_table
4.916666666666667,41,AV,1,37,29,396,-4.916666666666667,"0,0,0,0"
2.683333333333333,31,AV,0,27,6,452,-2.683333333333333,"0,0,0,0"
5.2,255,AV,1,93,57,1673,-5.2,"0,0,0,0"
1.8,206,AV,0,145,95,367,-1.8,"0,0,0,0"
7.983333333333333,20,AV,1,15,15,614,-7.983333333333333,"0,0,0,0"
2.316666666666667,159,AV,2,115,57,456,-2.316666666666667,"0,0,0,0"
3.533333333333333,249,AV,3,170,137,1797,-3.533333333333333,"0,0,0,0"
1.75,132,AV,3,3,78,974,-1.75,"0,0,0,0"
1.0666666666666667,492,AV,0,193,2,1226,-1.0666666666666667,"0,0,0,0"
5.15,120,AV,2,92,79,1081,-5.15,"0,0,0,0"
2.7,230,AV,2,158,129,518,-2.7,"0,0,0,0"
7.733333333333333,486,AV,0,28,147,34,-7.733333333333333,"0,0,0,0"
1.4333333333333333,368,AV,0,58,181,118,-1.4333333333333333,"0,0,0,0"
3.8666666666666667,136,AV,3,102,57,371,-3.8666666666666667,"0,0,0,0"
1.5166666666666666,404,AV,1,240,60,802,-1.5166666666666666,"0,0,0,0"
1.3166666666666667,195,AV,2,97,74,1084,-1.3166666666666667,"0,0,0,0"
2.183333333333333,88,AV,0,72,64,545,-2.183333333333333,"0,0,0,0"
5.0,323,AV,3,85,165,688,-5.0,"0,0,0,0"
3.8,324,AV,0,208,166,1323,-3.8,"0,0,0,0"
2.0833333333333335,512,AV,3,282,152,1042,-2.0833333333333335,"0,0,0,0"
2.1666666666666665,398,AV,1,239,174,592,-2.1666666666666665,"0,0,0,0"
1.85,383,AV,1,166,187,150,-1.85,"0,0,0,0"
3.85,61,AV,2,50,44,682,-3.85,"0,0,0,0"
1.2666666666666666,418,AV,1,186,66,509,-1.2666666666666666,"0,0,0,0"
2.033333333333333,440,AV,0,256,60,454,-2.033333333333333,"0,0,0,0"
3.1333333333333333,87,AV,0,71,48,551,-3.1333333333333333,"0,0,0,0"
3.85,519,AV,1,225,172,196,-3.85,"0,0,0,0"
5.883333333333334,169,AV,3,58,2,101,-5.883333333333334,"0,0,0,0"
1.7833333333333334,58,AV,1,40,42,1336,-1.7833333333333334,"0,0,0,0"
4.533333333333333,313,AV,0,201,161,577,-4.533333333333333,"0,0,0,0"
5.933333333333334,13,AV,3,13,10,1617,-5.933333333333334,"0,0,0,0"
3.216666666666667,504,AV,0,277,214,1001,-3.216666666666667,"0,0,0,0"
1.8333333333333333,172,AV,2,126,49,1630,-1.8333333333333333,"0,0,0,0"
6.3,314,AV,3,202,144,226,-6.3,"0,0,0,0"
5.55,370,AV,0,234,185,231,-5.55,"0,0,0,0"
3.7,496,AV,1,193,104,185,-3.7,"0,0,0,0"
6.4,208,AV,0,146,118,1608,-6.4,"0,0,0,0"
2.683333333333333,220,AV,3,153,77,904,-2.683333333333333,"0,0,0,0"
5.85,520,AV,1,249,105,672,-5.85,"0,0,0,0"
0.9166666666666666,394,AV,0,184,161,373,-0.9166666666666666,"0,0,0,0"
0.48333333333333334,109,AV,0,84,63,450,-0.48333333333333334,"0,0,0,0"
2.25,42,AV,3,38,22,1729,-2.25,"0,0,0,0"
2.066666666666667,330,AV,2,22,161,1546,-2.066666666666667,"0,0,0,0"
0.9666666666666667,384,AV,2,184,0,787,-0.9666666666666667,"0,0,0,0"
1.6166666666666667,462,AV,1,184,130,37,-1.6166666666666667,"0,0,0,0"
1.5333333333333334,349,AV,3,225,177,1028,-1.5333333333333334,"0,0,0,0"
1.75,137,AV,2,103,69,1800,-1.75,"0,0,0,0"
3.0833333333333335,57,AV,3,43,41,736,-3.0833333333333335,"0,0,0,0"
1.2666666666666666,391,AV,2,219,46,1052,-1.2666666666666666,"0,0,0,0"
2.95,435,AV,2,254,95,1289,-2.95,"0,0,0,0"
1.9166666666666667,171,AV,2,125,105,904,-1.9166666666666667,"0,0,0,0"
4.616666666666666,479,AV,0,263,139,17,-4.616666666666666,"0,0,0,0"
4.383333333333334,386,AV,3,240,71,1248,-4.383333333333334,"0,0,0,0"
1.6333333333333333,338,AV,1,217,173,740,-1.6333333333333333,"0,0,0,0"
5.75,457,AV,1,260,172,370,-5.75,"0,0,0,0"
5.566666666666666,69,AV,1,58,50,133,-5.566666666666666,"0,0,0,0"
2.3333333333333335,453,AV,2,258,125,681,-2.3333333333333335,"0,0,0,0"
3.3,318,AV,0,204,135,1687,-3.3,"0,0,0,0"
2.066666666666667,447,AV,2,206,36,1116,-2.066666666666667,"0,0,0,0"
0.9166666666666666,23,AV,0,21,18,492,-0.9166666666666666,"0,0,0,0"
4.083333333333333,199,AV,2,141,47,1603,-4.083333333333333,"0,0,0,0"
2.05,301,AV,2,193,83,1250,-2.05,"0,0,0,0"
0.7666666666666667,246,AV,3,167,12,1351,-0.7666666666666667,"0,0,0,0"
1.3666666666666667,379,AV,2,217,188,1434,-1.3666666666666667,"0,0,0,0"
4.3,214,AV,2,151,48,1453,-4.3,"0,0,0,0"
0.9666666666666667,39,AV,1,35,2,188,-0.9666666666666667,"0,0,0,0"
6.383333333333334,291,AV,2,58,155,832,-6.383333333333334,"0,0,0,0"
1.3333333333333333,375,AV,1,47,181,1136,-1.3333333333333333,"0,0,0,0"
0.85,197,AV,0,140,95,76,-0.85,"0,0,0,0"
1.2166666666666666,6,AV,1,6,5,43,-1.2166666666666666,"0,0,0,0"
5.283333333333333,500,AV,1,274,78,515,-5.283333333333333,"0,0,0,0"
1.9833333333333334,247,AV,2,168,57,1517,-1.9833333333333334,"0,0,0,0"
3.8,485,AV,1,268,78,489,-3.8,"0,0,0,0"
6.133333333333334,285,AV,2,185,152,289,-6.133333333333334,"0,0,0,0"
2.4833333333333334,65,AV,1,54,3,786,-2.4833333333333334,"0,0,0,0"
2.6666666666666665,257,AV,1,173,140,385,-2.6666666666666665,"0,0,0,0"
2.2333333333333334,215,AV,3,98,45,424,-2.2333333333333334,"0,0,0,0"
1.5833333333333333,377,AV,0,186,132,818,-1.5833333333333333,"0,0,0,0"
1.95,497,AV,3,272,71,563,-1.95,"0,0,0,0"
2.566666666666667,273,AV,3,134,147,1074,-2.566666666666667,"0,0,0,0"
3.05,425,AV,3,184,126,1771,-3.05,"0,0,0,0"
4.15,93,AV,1,70,66,1298,-4.15,"0,0,0,0"
3.9,261,AV,1,8,143,101,-3.9,"0,0,0,0"
3.8833333333333333,106,AV,0,82,58,1454,-3.8833333333333333,"0,0,0,0"
2.65,444,AV,0,79,202,246,-2.65,"0,0,0,0"
3.7,312,AV,1,200,40,1079,-3.7,"0,0,0,0"
1.4666666666666666,397,AV,0,105,60,1252,-1.4666666666666666,"0,0,0,0"
0.85,161,AV,0,117,2,1152,-0.85,"0,0,0,0"
4.6,372,AV,2,34,14,50,-4.6,"0,0,0,0"
1.3,495,AV,1,271,2,912,-1.3,"0,0,0,0"
6.9,327,AV,0,210,148,1347,-6.9,"0,0,0,0"
2.6333333333333333,475,AV,3,12,16,1006,-2.6333333333333333,"0,0,0,0"
3.3833333333333333,292,AV,1,190,31,106,-3.3833333333333333,"0,0,0,0"
5.166666666666667,281,AV,0,182,31,293,-5.166666666666667,"0,0,0,0"
1.4833333333333334,265,AV,0,134,57,1143,-1.4833333333333334,"0,0,0,0"
4.3,515,AV,0,186,177,503,-4.3,"0,0,0,0"
1.2666666666666666,454,AV,2,227,108,646,-1.2666666666666666,"0,0,0,0"
2.566666666666667,362,AV,1,233,31,417,-2.566666666666667,"0,0,0,0"
2.4833333333333334,160,AV,2,116,99,79,-2.4833333333333334,"0,0,0,0"
4.933333333333334,193,AV,3,6,0,1652,-4.933333333333334,"0,0,0,0"
4.233333333333333,147,AV,2,94,93,1443,-4.233333333333333,"0,0,0,0"
3.566666666666667,52,AV,3,46,36,846,-3.566666666666667,"0,0,0,0"
4.133333333333334,170,AV,2,124,47,1775,-4.133333333333334,"0,0,0,0"
8.9,279,AV,2,82,143,126,-8.9,"0,0,0,0"
1.5833333333333333,148,AV,2,49,83,1629,-1.5833333333333333,"0,0,0,0"
1.7833333333333334,476,AV,2,262,208,1485,-1.7833333333333334,"0,0,0,0"
3.65,290,AV,1,189,2,1792,-3.65,"0,0,0,0"
1.2333333333333334,358,AV,1,104,182,677,-1.2333333333333334,"0,0,0,0"
3.4833333333333334,390,AV,2,184,155,1311,-3.4833333333333334,"0,0,0,0"
4.4,428,AV,1,251,172,490,-4.4,"0,0,0,0"
6.05,236,AV,3,162,31,319,-6.05,"0,0,0,0"
3.066666666666667,210,AV,3,148,120,184,-3.066666666666667,"0,0,0,0"
1.6666666666666667,16,AV,3,6,12,399,-1.6666666666666667,"0,0,0,0"
3.8333333333333335,316,AV,2,203,57,1652,-3.8333333333333335,"0,0,0,0"
1.8833333333333333,203,AV,0,143,116,1578,-1.8833333333333333,"0,0,0,0"
3.55,113,AV,2,85,74,1398,-3.55,"0,0,0,0"
5.266666666666667,311,AV,1,188,58,922,-5.266666666666667,"0,0,0,0"
3.7666666666666666,130,AV,2,100,4,909,-3.7666666666666666,"0,0,0,0"
2.3666666666666667,227,AV,2,156,127,262,-2.3666666666666667,"0,0,0,0"
3.3833333333333333,163,AV,0,118,101,677,-3.3833333333333333,"0,0,0,0"
5.583333333333333,221,AV,1,64,123,214,-5.583333333333333,"0,0,0,0"
2.3,179,AV,0,130,110,34,-2.3,"0,0,0,0"
3.05,400,AV,3,227,138,1438,-3.05,"0,0,0,0"
2.1333333333333333,467,AV,1,241,207,671,-2.1333333333333333,"0,0,0,0"
4.6,177,AV,3,12,108,544,-4.6,"0,0,0,0"
1.9166666666666667,366,AV,1,143,47,35,-1.9166666666666667,"0,0,0,0"
2.6666666666666665,5,AV,0,5,4,1037,-2.6666666666666665,"0,0,0,0"
3.033333333333333,344,AV,0,222,132,522,-3.033333333333333,"0,0,0,0"
1.55,119,AV,1,91,78,240,-1.55,"0,0,0,0"
6.633333333333334,54,AV,3,24,38,131,-6.633333333333334,"0,0,0,0"
1.6833333333333333,154,AV,1,113,2,272,-1.6833333333333333,"0,0,0,0"
3.8,489,AV,1,193,71,508,-3.8,"0,0,0,0"
1.35,272,AV,2,178,57,1761,-1.35,"0,0,0,0"
2.466666666666667,333,AV,0,214,29,646,-2.466666666666667,"0,0,0,0"
3.033333333333333,380,AV,0,238,14,690,-3.033333333333333,"0,0,0,0"
1.5166666666666666,155,AV,0,78,95,955,-1.5166666666666666,"0,0,0,0"
0.95,473,AV,2,254,132,1089,-0.95,"0,0,0,0"
1.9666666666666666,325,AV,2,209,29,167,-1.9666666666666666,"0,0,0,0"
3.716666666666667,445,AV,3,257,172,350,-3.716666666666667,"0,0,0,0"
1.7833333333333334,494,AV,2,271,2,1614,-1.7833333333333334,"0,0,0,0"
5.816666666666666,337,AV,3,121,172,1382,-5.816666666666666,"0,0,0,0"
2.35,303,AV,2,195,158,1593,-2.35,"0,0,0,0"
3.0833333333333335,10,AV,1,10,2,142,-3.0833333333333335,"0,0,0,0"
3.4833333333333334,63,AV,1,52,46,640,-3.4833333333333334,"0,0,0,0"
1.2,198,AV,1,47,115,1638,-1.2,"0,0,0,0"
3.9,144,AV,0,107,92,1526,-3.9,"0,0,0,0"
3.2333333333333334,278,AV,2,169,149,72,-3.2333333333333334,"0,0,0,0"
4.883333333333334,490,AV,1,262,71,1301,-4.883333333333334,"0,0,0,0"
2.1,164,AV,3,119,102,1749,-2.1,"0,0,0,0"
7.366666666666666,212,AV,0,94,31,100,-7.366666666666666,"0,0,0,0"
1.0833333333333333,470,AV,0,245,161,1427,-1.0833333333333333,"0,0,0,0"
1.3166666666666667,415,AV,0,186,178,1261,-1.3166666666666667,"0,0,0,0"
5.633333333333334,256,AV,2,42,122,159,-5.633333333333334,"0,0,0,0"
2.6166666666666667,339,AV,3,218,30,1340,-2.6166666666666667,"0,0,0,0"
1.3333333333333333,402,AV,0,202,0,983,-1.3333333333333333,"0,0,0,0"
1.8166666666666667,381,AV,2,150,189,1347,-1.8166666666666667,"0,0,0,0"
4.616666666666666,240,AV,3,39,47,387,-4.616666666666666,"0,0,0,0"
3.8333333333333335,299,AV,3,192,134,1345,-3.8333333333333335,"0,0,0,0"
1.1333333333333333,405,AV,1,1,161,1024,-1.1333333333333333,"0,0,0,0"
2.933333333333333,232,AV,3,84,126,473,-2.933333333333333,"0,0,0,0"
2.033333333333333,248,AV,1,169,136,1137,-2.033333333333333,"0,0,0,0"
1.3166666666666667,518,AV,1,223,71,379,-1.3166666666666667,"0,0,0,0"
4.65,329,AV,1,212,52,248,-4.65,"0,0,0,0"
1.15,185,AV,0,133,65,551,-1.15,"0,0,0,0"
2.933333333333333,216,AV,0,98,4,789,-2.933333333333333,"0,0,0,0"
4.8,173,AV,3,127,106,1015,-4.8,"0,0,0,0"
1.1333333333333333,152,AV,0,111,27,1399,-1.1333333333333333,"0,0,0,0"
4.983333333333333,80,AV,2,65,59,1538,-4.983333333333333,"0,0,0,0"
3.3666666666666667,126,AV,3,43,85,78,-3.3666666666666667,"0,0,0,0"
1.2,229,AV,0,143,63,1435,-1.2,"0,0,0,0"
2.466666666666667,81,AV,3,66,60,278,-2.466666666666667,"0,0,0,0"
2.466666666666667,410,AV,0,9,8,1151,-2.466666666666667,"0,0,0,0"
1.5333333333333334,123,AV,0,95,82,176,-1.5333333333333334,"0,0,0,0"
3.1666666666666665,129,AV,3,99,87,354,-3.1666666666666665,"0,0,0,0"
2.05,149,AV,2,8,37,694,-2.05,"0,0,0,0"
1.7166666666666666,365,AV,1,185,47,1358,-1.7166666666666666,"0,0,0,0"
2.4833333333333334,202,AV,3,7,30,378,-2.4833333333333334,"0,0,0,0"
2.75,452,AV,3,32,108,1602,-2.75,"0,0,0,0"
1.3166666666666667,409,AV,1,65,30,374,-1.3166666666666667,"0,0,0,0"
2.05,461,AV,0,105,148,89,-2.05,"0,0,0,0"
3.3333333333333335,209,AV,0,147,119,1473,-3.3333333333333335,"0,0,0,0"
4.0,70,AV,1,59,51,895,-4.0,"0,0,0,0"
5.116666666666666,134,AV,0,94,89,268,-5.116666666666666,"0,0,0,0"
2.433333333333333,226,AV,0,55,126,489,-2.433333333333333,"0,0,0,0"
3.066666666666667,166,AV,1,121,104,98,-3.066666666666667,"0,0,0,0"
2.816666666666667,280,AV,1,181,150,469,-2.816666666666667,"0,0,0,0"
3.3833333333333333,121,AV,0,93,80,721,-3.3833333333333333,"0,0,0,0"
2.5166666666666666,237,AV,1,26,125,1789,-2.5166666666666666,"0,0,0,0"
2.933333333333333,9,AV,1,9,8,1688,-2.933333333333333,"0,0,0,0"
2.966666666666667,429,AV,1,242,197,1059,-2.966666666666667,"0,0,0,0"
4.883333333333334,89,AV,1,73,2,1520,-4.883333333333334,"0,0,0,0"
1.7333333333333334,217,AV,1,125,121,914,-1.7333333333333334,"0,0,0,0"
3.4,32,AV,2,28,23,220,-3.4,"0,0,0,0"
3.783333333333333,37,AV,2,33,27,1161,-3.783333333333333,"0,0,0,0"
2.5166666666666666,449,AV,0,74,200,821,-2.5166666666666666,"0,0,0,0"
3.2,238,AV,3,26,132,491,-3.2,"0,0,0,0"
0.95,92,AV,3,76,12,1624,-0.95,"0,0,0,0"
1.3833333333333333,407,AV,1,243,0,1389,-1.3833333333333333,"0,0,0,0"
2.4166666666666665,75,AV,0,63,52,1410,-2.4166666666666665,"0,0,0,0"
1.0,8,AV,3,8,7,1630,-1.0,"0,0,0,0"
3.3333333333333335,474,AV,3,117,141,397,-3.3333333333333335,"0,0,0,0"
4.4,235,AV,0,161,131,810,-4.4,"0,0,0,0"
1.2333333333333334,392,AV,0,188,132,1268,-1.2333333333333334,"0,0,0,0"
1.95,403,AV,1,243,60,323,-1.95,"0,0,0,0"
2.216666666666667,361,AV,3,232,183,1523,-2.216666666666667,"0,0,0,0"
4.933333333333334,284,AV,0,184,151,732,-4.933333333333334,"0,0,0,0"
2.8333333333333335,140,AV,2,105,90,871,-2.8333333333333335,"0,0,0,0"
5.433333333333334,38,AV,2,34,28,1238,-5.433333333333334,"0,0,0,0"
1.9833333333333334,205,AV,1,23,63,697,-1.9833333333333334,"0,0,0,0"
5.65,0,Human,1,0,0,590,-5.65,"-5.671168807927135,-5.658210502072499,-5.6694987440717375,-5.673439019733042"
6.783333333333333,1,Human,0,1,1,566,-6.783333333333333,"-6.864759369974995,-6.897656668825309,-6.898212325310892,-6.900851368594377"
4.733333333333333,2,Human,0,2,2,574,-4.733333333333333,"-4.742281624793831,-4.775943461075691,-4.814406841564196,-4.772786194277578"
3.0166666666666666,3,Human,0,3,3,653,-3.0166666666666666,"-3.0347569400694496,-3.092776807475114,-6.436466152014768,-3.090794529756467"
4.133333333333334,4,Human,0,4,3,1243,-4.133333333333334,"-4.115854638189807,-4.156579577597974,-4.174359675899824,-4.192770971252605"
1.5333333333333334,7,Human,3,7,6,1700,-1.5333333333333334,"-1.7462664354988413,-2.120529768959617,-1.746746397101913,-1.4995634148282482"
3.566666666666667,11,Human,3,11,9,1149,-3.566666666666667,"-3.5783256059515245,-3.6207465642236634,-3.6703564386849057,-3.5395432338908885"
1.9833333333333334,12,Human,1,12,2,1545,-1.9833333333333334,"-1.9994765873423792,-1.977022420468303,-2.025880539476842,-2.0560243820494364"
3.8833333333333333,14,Human,0,14,11,383,-3.8833333333333333,"-3.868047444960991,-3.8964128308645543,-3.8958562683218014,-3.9676737295959867"
3.433333333333333,15,Human,0,15,4,601,-3.433333333333333,"-3.4129474143416916,-3.588826032124957,-3.659767793335942,-3.5721302120322975"
2.6,17,Human,0,16,13,350,-2.6,"-2.6052242464655517,-2.708135870847871,-2.6912139474136354,-2.6782110914255974"
2.0166666666666666,18,Human,0,17,3,950,-2.0166666666666666,"-2.0182567802133624,-2.03011314044061,-2.05536054144853,-2.0770018271370123"
1.9166666666666667,19,Human,0,18,14,1199,-1.9166666666666667,"-1.9384466338183195,-1.9451740239184916,-2.2741540676745857,-2.099988000959923"
2.466666666666667,21,Human,1,19,16,339,-2.466666666666667,"-2.5216684453506124,-2.4713219139830835,-2.491203621598273,-2.545770309575234"
3.4,22,Human,1,20,17,112,-3.4,"-3.404559652245375,-3.38662371761386,-3.4455515216681953,-3.4338856164402394"
0.9166666666666666,24,Human,2,22,19,1392,-0.9166666666666666,"-1.0059013193759982,-0.9886569563218774,-0.9374011151121514,-1.1432524137942952"
4.166666666666667,25,Human,0,23,20,531,-4.166666666666667,"-4.1959390380740675,-4.250598068490688,-4.262644938682048,-4.248337805229141"
5.55,26,Human,2,24,2,1667,-5.55,"-5.440672213388742,-5.4062033873998345,-5.352158538812625,-5.396801937869685"
0.5,27,Human,0,15,14,736,-0.5,"-0.5010556961467171,-1.187616990640749,-0.8749220062395008,-1.4359491240700746"
1.5333333333333334,28,Human,0,6,14,1792,-1.5333333333333334,"-1.5470175547468417,-1.5719611231101516,-1.5669901607871375,-1.8790796736261104"
3.8333333333333335,29,Human,1,25,21,1325,-3.8333333333333335,"-3.9247490164346064,-3.847583725127569,-4.305214951300746,-3.977100716958953"
1.15,30,Human,0,26,22,1252,-1.15,"-1.1482084655967015,-1.201691864650828,-1.2456081900002622,-1.2536957043436523"
2.7333333333333334,33,Human,3,29,24,175,-2.7333333333333334,"-3.443323430699579,-3.445673819412783,-3.4547708951798293,-2.741800619788326"
2.8333333333333335,34,Human,0,30,25,1140,-2.8333333333333335,"-2.8912978121109756,-2.9082597245861592,-2.918908534475873,-2.9179768837075946"
2.0,35,Human,0,31,26,308,-2.0,"-1.9991694755301554,-2.478033602496319,-2.1860566963823813,-2.8103830145433544"
1.6166666666666667,36,Human,1,32,3,1776,-1.6166666666666667,"-1.6440141406648798,-1.6217618735564825,-1.6664075876622655,-1.6408228732020023"
2.45,40,Human,1,36,2,1336,-2.45,"-2.4853129093928494,-2.450257965352341,-2.4898088124790023,-2.467999913055259"
0.8666666666666667,43,Human,0,38,14,701,-0.8666666666666667,"-0.866479973732536,-1.0688504919606432,-1.3815454763618913,-1.2517758579313656"
5.1,44,Human,0,39,30,694,-5.1,"-4.9771319590310314,-5.013312326665965,-5.039602985160102,-5.029573874446728"
2.216666666666667,45,Human,0,40,3,122,-2.216666666666667,"-2.233333336871712,-2.2620584104354413,-2.3210175185985125,-2.2773259073674113"
2.533333333333333,46,Human,0,41,27,1311,-2.533333333333333,"-2.5262061859495515,-2.56180618356662,-2.5680479964167073,-2.609574644563172"
5.216666666666667,47,Human,1,42,31,1066,-5.216666666666667,"-5.30542719879234,-5.22172070789249,-5.272752225065077,-5.271754988136303"
0.8166666666666667,48,Human,0,43,32,490,-0.8166666666666667,"-0.8012978200873877,-0.8936645068394528,-0.8587473002159828,-0.8861051115910727"
1.7833333333333334,49,Human,3,38,33,239,-1.7833333333333334,"-1.9080596112311015,-1.841471122443506,-1.787739380849532,-1.7624049876067442"
1.6666666666666667,50,Human,0,44,34,1055,-1.6666666666666667,"-1.6796577187543777,-1.7933560835133193,-1.8019820494360455,-1.8008383896683227"
4.583333333333333,51,Human,1,45,35,1117,-4.583333333333333,"-4.679327688874132,-4.653344338301088,-4.715545339629888,-4.69874700878606"
3.2333333333333334,53,Human,0,47,37,1746,-3.2333333333333334,"-3.295531727592649,-3.3652972818461553,-3.382268239157366,-3.347821017804415"
6.033333333333333,55,Human,0,48,39,1762,-6.033333333333333,"-6.074934962705826,-6.135203318171314,-6.11486461579462,-6.09590563749057"
6.883333333333334,56,Human,3,9,40,518,-6.883333333333334,"-6.930858663962512,-6.935662067054909,-7.01288499460201,-6.894899858033957"
5.883333333333334,59,Human,3,19,43,136,-5.883333333333334,"-5.951692802141486,-6.0418741367119875,-5.951744776019783,-5.9160796064195456"
2.8,60,Human,3,49,34,562,-2.8,"-2.8706176069114475,-2.930386038108952,-2.890490626826014,-2.7718097002532973"
4.366666666666666,62,Human,3,51,45,520,-4.366666666666666,"-4.278146463999476,-4.285155851319709,-4.2812653477523,-4.273300073146627"
1.6333333333333333,64,Human,2,53,47,1107,-1.6333333333333333,"-1.643099997352845,-1.6428681080747258,-1.6375949590872407,-1.7395565587704882"
1.4833333333333334,66,Human,0,55,48,642,-1.4833333333333334,"-1.488128944733965,-1.5543210751139913,-1.5842302525041694,-1.5038631107098561"
2.8333333333333335,67,Human,0,56,49,757,-2.8333333333333335,"-2.8370391531189054,-2.926966451794409,-2.9123835436675414,-3.0870084016223154"
3.1,68,Human,3,57,13,1625,-3.1,"-4.051512024556869,-3.172365522633286,-4.103892996827632,-3.091756117186613"
1.7666666666666666,71,Human,0,60,52,1150,-1.7666666666666666,"-1.7644480641541451,-1.7916686100364227,-1.8231962789840284,-1.8036584098215616"
1.8,72,Human,1,61,53,2,-1.8,"-1.8392851135773969,-1.8166666666657172,-1.8279221150042793,-2.123718902511673"
3.7666666666666666,73,Human,3,29,22,51,-3.7666666666666666,"-3.8255982226831735,-3.825628815882296,-3.8120057041380635,-3.769552373046757"
4.066666666666666,74,Human,0,62,54,211,-4.066666666666666,"-4.054915639682369,-4.118341858992327,-4.089074034426884,-4.155953969864719"
3.033333333333333,76,Human,0,30,55,972,-3.033333333333333,"-3.06219804619588,-3.0835095530437355,-3.086526932517312,-3.096307370886354"
2.8666666666666667,77,Human,0,61,56,1281,-2.8666666666666667,"-2.925196528073813,-2.95359353203096,-2.9569018899492976,-3.0473539823194122"
3.1333333333333333,78,Human,0,46,57,1152,-3.1333333333333333,"-3.157379935376212,-3.180286916256039,-3.200505361686476,-3.2236525448686217"
1.4,79,Human,0,64,58,969,-1.4,"-1.4029596348523339,-1.4853687544996401,-1.5287640988720903,-1.7314134869210458"
2.0,82,Human,1,67,61,101,-2.0,"-2.016694191005105,-1.983333332122695,-2.109530453605151,-2.0435929326171896"
0.9166666666666666,83,Human,0,68,62,1301,-0.9166666666666666,"-0.9095453051878679,-0.9277412976087209,-1.3933723863242018,-1.3992399169217542"
3.966666666666667,84,Human,0,69,63,588,-3.966666666666667,"-3.6678174369595506,-4.668581758145328,-4.11557603339464,-3.991959391972461"
2.3666666666666667,85,Human,0,31,18,441,-2.3666666666666667,"-2.3036662950292164,-2.337229835311107,-2.3232281726902717,-2.3253770926778614"
2.9,86,Human,2,70,3,1278,-2.9,"-2.9956478494501724,-3.1015149000861206,-2.9059419625524585,-3.0777354621855277"
1.3666666666666667,90,Human,1,74,48,1401,-1.3666666666666667,"-1.4628465963462962,-1.366648317355272,-1.4044004177189795,-1.5957238840750692"
1.2166666666666666,91,Human,2,75,65,325,-1.2166666666666666,"-1.3128956256023705,-1.2846810873690548,-1.2120063353433443,-1.2961851616176738"
0.9666666666666667,94,Human,0,77,67,331,-0.9666666666666667,"-0.9376166044355884,-1.0595795384462854,-0.9790473494762003,-1.0236751084006888"
1.4,95,Human,0,72,68,1220,-1.4,"-1.3662799029094495,-2.5590152118154927,-1.3914077047696718,-1.3945642940691672"
1.7833333333333334,96,Human,1,38,69,804,-1.7833333333333334,"-1.814804271728918,-1.7558857906477974,-1.847164194864411,-1.968916486681065"
2.1666666666666665,97,Human,0,78,47,1551,-2.1666666666666665,"-2.1635768570038083,-2.214870263419451,-2.4165081525770855,-2.2813005822055246"
1.0833333333333333,98,Human,1,79,3,1797,-1.0833333333333333,"-1.236692965492349,-1.0822361037962354,-1.7785098218245154,-1.7265059821316908"
0.7333333333333333,99,Human,0,59,42,1702,-0.7333333333333333,"-0.7628526375682166,-0.8488144948404128,-0.7941984641228701,-0.9199484041276696"
1.15,100,Human,0,77,48,1792,-1.15,"-1.0405669215250637,-1.1436856819387224,-1.1261338300372679,-1.2648398694053844"
2.2666666666666666,101,Human,0,30,34,761,-2.2666666666666666,"-2.2787850647370282,-2.289350704001926,-2.3172347057599936,-2.373206991869814"
2.3333333333333335,102,Human,0,38,52,492,-2.3333333333333335,"-2.351913272682222,-2.379340604185125,-2.3739494870297286,-2.3712310421706704"
3.566666666666667,103,Human,1,80,70,1059,-3.566666666666667,"-3.6039670888210837,-3.571453988813016,-3.5959533864156707,-3.611676985921217"
1.85,104,Human,1,81,71,1489,-1.85,"-1.9306708327333815,-1.8580444951058086,-1.965914374850012,-1.9023658628269744"
2.1666666666666665,105,Human,1,40,72,265,-2.1666666666666665,"-2.1946970363030567,-2.169410414765557,-2.2543355592032643,-2.199738171914985"
0.9333333333333333,107,Human,2,36,27,940,-0.9333333333333333,"-0.9949282457403408,-0.9431762898968084,-0.9125742693902222,-1.0445533957283417"
1.65,108,Human,0,83,48,1153,-1.65,"-1.5431582743786874,-1.6703461483081359,-1.7225821934245265,-2.720368168865819"
0.4666666666666667,110,Human,0,79,73,1350,-0.4666666666666667,"-0.44884975538282157,-0.4875731849642848,-0.4885391413162916,-0.4745649704170418"
1.3166666666666667,111,Human,0,64,37,763,-1.3166666666666667,"-1.3180509767072524,-1.632067434605231,-2.101756858250861,-1.3696294696424285"
1.9833333333333334,112,Human,0,23,14,431,-1.9833333333333334,"-1.9263980977833288,-1.9741548647305338,-2.1345552319810817,-1.9751567330691433"
1.1333333333333333,114,Human,0,86,5,1751,-1.1333333333333333,"-1.143940784109863,-1.2042287132997362,-1.175036648500343,-1.2442932565394769"
2.5833333333333335,115,Human,0,87,75,817,-2.5833333333333335,"-2.533940867543264,-2.6133855680914713,-2.6291072365386983,-2.6023317874012917"
2.0166666666666666,116,Human,0,88,74,1177,-2.0166666666666666,"-2.0390774046782933,-2.0907972445369842,-2.056170749766382,-2.0562834915652792"
5.583333333333333,117,Human,1,89,76,353,-5.583333333333333,"-5.743897630040395,-5.69233148675709,-5.778709395887448,-5.793107933587146"
3.8833333333333333,118,Human,0,90,77,682,-3.8833333333333333,"-4.125631888196514,-4.154850561773845,-4.202274939975598,-4.178729206948024"
6.466666666666667,122,Human,2,94,81,402,-6.466666666666667,"-6.507898838736004,-6.425371998539882,-6.372963359570507,-6.492802380109357"
0.95,124,Human,2,96,83,8,-0.95,"-0.9525783345332376,-0.9834749757619392,-0.9499999999999997,-1.0136837053035757"
0.8333333333333334,125,Human,0,97,84,908,-0.8333333333333334,"-0.8259709801278567,-0.9370347972162225,-0.8518070554355652,-0.8655260475161988"
0.6333333333333333,127,Human,0,76,86,255,-0.6333333333333333,"-0.632155048314023,-0.6594268310208784,-0.6699760019198464,-0.6679711324214064"
1.2666666666666666,128,Human,0,98,3,855,-1.2666666666666666,"-1.270620084243236,-1.5711542085929011,-1.5625669748400328,-1.639128668025886"
4.0,131,Human,3,101,3,305,-4.0,"-4.154722281593989,-4.153333323197407,-4.149267556929637,-4.10505641254819"
1.4166666666666667,133,Human,0,46,88,29,-1.4166666666666667,"-1.4499999999916426,-1.4541464271941411,-1.4643899574077242,-1.471316320936503"
1.3333333333333333,135,Human,1,18,27,656,-1.3333333333333333,"-1.3731618873626115,-1.3447793032478066,-1.3558624806335495,-1.3833446873050157"
1.1833333333333333,138,Human,0,104,3,1151,-1.1833333333333333,"-1.1719359902940658,-1.2085003784210404,-1.1947630354043615,-1.2268232207410805"
3.3833333333333333,139,Human,0,76,2,1319,-3.3833333333333333,"-3.4044910248943228,-3.4596188241166557,-3.4577698729732296,-3.4544581766266025"
1.5166666666666666,141,Human,1,86,33,391,-1.5166666666666666,"-1.560194392312935,-1.5350232820568803,-1.65844060475162,-1.5594782817374613"
1.1,142,Human,0,8,91,1291,-1.1,"-1.0853815933726203,-1.178717177825774,-1.119546436285097,-1.1773578113750902"
1.9,143,Human,3,106,2,1117,-1.9,"-1.9698636909047278,-2.01092344612431,-1.9319774238048641,-1.9099604863712223"
3.9833333333333334,145,Human,0,91,10,1538,-3.9833333333333334,"-3.6414318631296387,-3.653080342141057,-3.6562979868252286,-3.6611287908325805"
1.0333333333333334,146,Human,0,108,27,1575,-1.0333333333333334,"-1.0032456335114568,-1.0705373872810178,-1.0755406767458604,-1.1262788192944566"
3.45,150,Human,3,109,1,756,-3.45,"-3.5888877972729776,-3.462243820669807,-3.573983492017398,-3.451595093526418"
2.95,151,Human,0,110,65,654,-2.95,"-2.910590146776979,-2.944080348193361,-3.173457049428485,-3.16490158536372"
3.15,153,Human,1,112,94,259,-3.15,"-3.1828829856139866,-3.1726945178045485,-3.2251993585015892,-3.197817133601805"
1.8666666666666667,156,Human,2,114,96,1060,-1.8666666666666667,"-1.9197535776303367,-1.976705514275405,-1.859172814373468,-2.0486573188101787"
1.9,157,Human,0,103,97,460,-1.9,"-1.9451576780180448,-1.9836340626101459,-1.9996191189078978,-1.9786039614028668"
2.65,158,Human,1,42,98,1528,-2.65,"-2.812786986234063,-2.697307602629082,-2.815172783511337,-2.807662131107747"
1.4166666666666667,162,Human,0,97,100,1750,-1.4166666666666667,"-1.4010589195453624,-1.5342523638108956,-3.3805998472417427,-2.041434980431088"
2.933333333333333,165,Human,0,120,103,1778,-2.933333333333333,"-2.913309418745306,-2.9389276557190085,-2.946967800087792,-2.934736012005565"
1.7333333333333334,167,Human,2,122,33,1259,-1.7333333333333334,"-1.7681343185985126,-1.8452268970482364,-1.7306685590719377,-1.881711063114951"
1.2166666666666666,168,Human,1,123,83,1602,-1.2166666666666666,"-1.250226184487512,-1.2133760363246118,-1.2818368130549556,-1.2456505879529638"
3.566666666666667,174,Human,0,128,83,698,-3.566666666666667,"-3.58694736308499,-3.651511814011156,-3.636514996678867,-3.6790245489343762"
1.3,175,Human,1,77,107,1539,-1.3,"-1.305388653978284,-1.277761046419525,-1.36448460340044,-1.305782597079687"
3.716666666666667,176,Human,1,23,83,1612,-3.716666666666667,"-3.7358348517065263,-3.656843886263543,-3.741755587091926,-3.7261856563246347"
2.3833333333333333,178,Human,0,129,109,965,-2.3833333333333333,"-2.355796734612948,-2.3832323337461006,-2.3959370222505214,-2.3865049723791705"
4.366666666666666,180,Human,0,131,111,1317,-4.366666666666666,"-4.362578005499583,-4.516697362066229,-4.744870048559932,-4.4101080367378165"
0.75,181,Human,0,132,112,1756,-0.75,"-0.7281638296178023,-0.7369120617970523,-0.7371609077151732,-0.7379661511342427"
1.5333333333333334,182,Human,2,133,33,928,-1.5333333333333334,"-1.5573667532824578,-1.6636405087592994,-1.5217837560431415,-1.5369612862970965"
5.016666666666667,183,Human,1,134,78,172,-5.016666666666667,"-5.50916605398403,-5.052873759603991,-5.500016530211761,-5.558086611501454"
1.5,184,Human,0,135,52,193,-1.5,"-1.5330474674863392,-1.6016292068774916,-1.534052650839166,-1.622519783814235"
0.7833333333333333,186,Human,0,120,42,1451,-0.7833333333333333,"-0.7881550375057031,-0.8142561000146876,-0.8151231299890249,-0.815517200044428"
0.6833333333333333,187,Human,0,136,100,49,-0.6833333333333333,"-0.7,-0.7276157850186746,-0.7434555692804703,-0.7472207720642476"
3.066666666666667,188,Human,1,137,48,502,-3.066666666666667,"-3.309229242428785,-3.0581484466794295,-3.088098156107735,-3.317422417288388"
0.9666666666666667,189,Human,0,138,113,808,-0.9666666666666667,"-0.9400063134800423,-1.003336326116413,-0.9746298192324635,-1.007280594150128"
3.25,190,Human,1,30,60,575,-3.25,"-2.8770805818263048,-2.7310197726251695,-3.0043243419563597,-2.87739889794445"
1.65,191,Human,0,139,33,1105,-1.65,"-1.6046575897619064,-1.6453133604641081,-1.6446755355620024,-1.642109428056466"
2.7666666666666666,192,Human,3,93,28,1593,-2.7666666666666666,"-2.8718032210728492,-2.864973149207081,-2.904968766018719,-2.8398185498220077"
0.7333333333333333,194,Human,0,87,83,184,-0.7333333333333333,"-0.7333333347151654,-0.7864890808735301,-0.7646863450923926,-0.7867410607151428"
3.566666666666667,196,Human,1,1,114,1501,-3.566666666666667,"-3.7826421212315617,-3.5750271677099796,-5.336980597920107,-5.4162555711175795"
0.9666666666666667,200,Human,0,142,83,1784,-0.9666666666666667,"-0.9695088601804246,-1.0236197441774415,-1.1328286320870693,-1.278892946941881"
1.05,201,Human,0,115,33,350,-1.05,"-1.009813024573476,-1.0766354516229162,-1.0389418098723913,-1.1123401997219162"
2.933333333333333,204,Human,0,144,117,1242,-2.933333333333333,"-2.9229218632217675,-3.0692468727069744,-3.0166385044906283,-2.9639534866747326"
1.2166666666666666,207,Human,1,29,96,1204,-1.2166666666666666,"-1.2672589392848572,-1.2157676641666528,-1.2531629469642431,-1.3366811615070795"
5.233333333333333,211,Human,0,149,31,1726,-5.233333333333333,"-5.233383965937255,-5.25696133008671,-5.524614124745659,-5.5607024885181575"
2.4166666666666665,213,Human,3,150,95,287,-2.4166666666666665,"-2.487539297305809,-2.5775765217990485,-2.494954420018486,-2.4244505828198335"
1.2166666666666666,218,Human,2,152,57,1792,-1.2166666666666666,"-1.249922831263257,-1.264925945759086,-1.2135951129082012,-1.229095988161235"
4.883333333333334,219,Human,0,100,122,8,-4.883333333333334,"-4.864567834142269,-4.922638286552527,-4.908551436233352,-4.878253909685442"
3.3333333333333335,222,Human,0,46,119,307,-3.3333333333333335,"-3.392613189724777,-3.466316635671516,-3.430624755415032,-3.436132558095682"
3.933333333333333,223,Human,1,154,124,766,-3.933333333333333,"-4.0642790915217395,-3.9218400575763956,-4.1337460755602145,-3.962520500737008"
3.0833333333333335,224,Human,0,155,125,1537,-3.0833333333333335,"-3.1045612345444282,-3.1149887936607215,-3.118159991805806,-3.1191884087869983"
3.183333333333333,225,Human,1,6,36,1026,-3.183333333333333,"-3.2219798137571196,-3.1801984768927576,-3.241915366175754,-3.2333518230033755"
2.033333333333333,228,Human,1,157,128,789,-2.033333333333333,"-2.537102738249981,-2.114030725619276,-2.55021569858757,-2.5019696343632436"
2.183333333333333,231,Human,1,23,95,333,-2.183333333333333,"-2.217375544831554,-2.1840828857503802,-2.2349887612242867,-2.2223194530891925"
2.4166666666666665,233,Human,1,159,126,1477,-2.4166666666666665,"-2.5042793296748433,-2.490508580802031,-2.506034119717471,-2.5270422242557946"
5.316666666666666,234,Human,3,160,130,104,-5.316666666666666,"-5.662459512114891,-5.610528539203775,-5.609891565163231,-5.5835144004570925"
2.066666666666667,239,Human,0,23,57,1675,-2.066666666666667,"-2.0436654948130246,-2.0606944032693018,-2.052989823785888,-2.0961791772046277"
3.6,241,Human,1,65,41,1057,-3.6,"-4.102541813646534,-3.5512185519490562,-3.7810313700916547,-3.564501974174021"
5.116666666666666,242,Human,2,163,133,1379,-5.116666666666666,"-5.131446393807444,-5.161486743163968,-5.113151367244863,-5.139059253996855"
2.216666666666667,243,Human,3,164,127,1242,-2.216666666666667,"-2.51460614804461,-2.5147397693549056,-2.243767854107225,-2.216130958030031"
3.3333333333333335,244,Human,1,165,134,21,-3.3333333333333335,"-3.3574462955811915,-3.3333333321758545,-3.340075686131157,-3.356451633138187"
2.7666666666666666,245,Human,0,166,135,110,-2.7666666666666666,"-2.889377389774775,-2.8980207454646694,-2.927130098767458,-3.016931222711904"
1.6666666666666667,250,Human,0,76,57,1255,-1.6666666666666667,"-1.6711894004056949,-1.6905368679174617,-1.7006815802746678,-1.7121829581178423"
6.366666666666666,251,Human,2,171,138,503,-6.366666666666666,"-6.377083331267951,-6.374924143390416,-6.372853238521062,-6.431002915995371"
5.516666666666667,252,Human,1,38,139,571,-5.516666666666667,"-5.561240693401759,-5.507946671430272,-5.512896636809258,-5.513780924471887"
1.95,253,Human,0,131,12,1788,-1.95,"-1.9292378136141974,-1.9578294629428505,-2.098323968742447,-2.0438236508748067"
7.0,254,Human,0,172,40,259,-7.0,"-6.967608184968771,-7.010481745771457,-7.015174062720652,-7.001416110981051"
4.316666666666666,258,Human,2,123,141,269,-4.316666666666666,"-4.356299287703565,-4.357878188736544,-4.315847646219183,-4.3721532348861984"
0.43333333333333335,259,Human,0,114,142,1009,-0.43333333333333335,"-0.4281484128020866,-0.4426743270610294,-0.5800993330605494,-0.9684482651459824"
2.2333333333333334,260,Human,0,174,55,1473,-2.2333333333333334,"-2.17847074846022,-2.1984963466070866,-2.2300750228109387,-2.2602160759513343"
4.666666666666667,262,Human,1,89,54,960,-4.666666666666667,"-4.711776515683761,-4.66554734411277,-4.739826285930702,-4.706591755491419"
2.95,263,Human,0,22,138,1308,-2.95,"-2.9599536412727607,-2.9719395820295658,-2.994306517086933,-2.9878775652567513"
3.0833333333333335,264,Human,1,175,47,1316,-3.0833333333333335,"-3.1430556056390233,-3.0888084712046524,-3.162622680273053,-3.2645808059331176"
3.216666666666667,266,Human,2,176,4,490,-3.216666666666667,"-3.4272347947537734,-3.294907377130802,-3.138794558340227,-3.35813511891146"
5.133333333333334,267,Human,3,134,144,1195,-5.133333333333334,"-5.185355174254235,-5.202724259615022,-5.218531418031725,-5.15052835055565"
3.1333333333333333,268,Human,3,3,145,1417,-3.1333333333333333,"-3.1599440687663023,-3.170416213000524,-3.1658461440444197,-3.1248442594925354"
3.7,269,Human,3,46,10,1646,-3.7,"-3.744397390846789,-3.754142712002131,-3.7438656018866316,-3.74352241483333"
4.116666666666666,270,Human,3,6,10,864,-4.116666666666666,"-4.153422619565807,-4.16979217939071,-4.160399008942951,-4.103960113127524"
1.8,271,Human,0,177,146,994,-1.8,"-1.7870314911811251,-1.9007201846750552,-1.866002597097723,-1.809087380444308"
5.666666666666667,274,Human,0,174,148,1396,-5.666666666666667,"-5.624306236493078,-7.020005340199836,-6.979550671769726,-5.7760475414376575"
5.933333333333334,275,Human,3,124,31,244,-5.933333333333334,"-5.989137370757291,-6.023093446975194,-5.995995156908208,-5.939913195368093"
1.1,276,Human,0,179,88,1205,-1.1,"-1.1183348213317283,-1.3058884132038606,-1.1369059318023726,-1.3970691187474171"
6.116666666666666,277,Human,2,180,14,112,-6.116666666666666,"-6.257889008926537,-6.234225028982004,-6.155822519478281,-6.232360594011544"
1.3166666666666667,282,Human,0,101,116,214,-1.3166666666666667,"-1.2837820426583932,-1.3031707012146874,-1.3442294216462685,-1.3172779225243476"
5.066666666666666,283,Human,1,183,83,340,-5.066666666666666,"-5.078256784195484,-5.047744626530964,-5.077100495939687,-5.082673770334409"
4.566666666666666,286,Human,1,54,153,571,-4.566666666666666,"-4.712784318703407,-4.550630114242699,-4.624207664635611,-4.759452165385667"
5.733333333333333,287,Human,1,186,5,447,-5.733333333333333,"-5.752494401266522,-5.727636504060923,-5.764091556748937,-5.743682122441024"
2.45,288,Human,2,187,147,1241,-2.45,"-2.4829545404226496,-2.517854962329368,-2.4642247088080755,-2.5135238566813944"
2.55,289,Human,1,188,154,225,-2.55,"-2.5864927117591043,-2.5448091825199164,-2.5861854135597238,-2.5858322692845617"
2.6333333333333333,293,Human,0,169,83,710,-2.6333333333333333,"-2.491614547376621,-2.574416438788567,-2.5705513717684583,-2.6202396308535896"
2.75,294,Human,0,23,82,819,-2.75,"-2.7325828531099727,-2.7564845356271412,-2.76298952549581,-2.8465986751751293"
2.2333333333333334,295,Human,3,191,126,1430,-2.2333333333333334,"-2.2194491619315646,-2.218932982735588,-2.21818211774754,-2.2130280348172056"
1.95,296,Human,0,164,96,1311,-1.95,"-1.9318333610354967,-1.940409168394706,-1.9667391850528442,-1.9651172274776103"
2.533333333333333,297,Human,3,138,147,39,-2.533333333333333,"-2.537586948463713,-2.5492140774483674,-2.5483360921205844,-2.5333333313751276"
2.6166666666666667,298,Human,0,52,156,893,-2.6166666666666667,"-2.617639451627701,-2.641856882562555,-2.666692827878106,-2.6853243269660187"
2.816666666666667,300,Human,2,138,94,17,-2.816666666666667,"-2.837213076315704,-2.8429036815636657,-2.8166666668307947,-2.854516128880235"
3.2333333333333334,302,Human,1,194,157,700,-3.2333333333333334,"-3.3920308174555593,-3.2734669926995115,-3.3531788481933384,-3.416001712116932"
3.8333333333333335,304,Human,0,196,159,1312,-3.8333333333333335,"-3.7693561309973926,-3.815100421595563,-3.811717596358415,-3.827461691260889"
2.8333333333333335,305,Human,0,197,16,87,-2.8333333333333335,"-2.866666661516615,-2.8675233681026717,-2.880469171944594,-2.9130039068874494"
0.6833333333333333,306,Human,0,198,1,816,-0.6833333333333333,"-0.6741044055653466,-0.8390700124542256,-0.7827869054029098,-0.9362079824238224"
4.333333333333333,307,Human,2,117,160,501,-4.333333333333333,"-4.442851246170235,-4.338885730096364,-4.322447488317704,-4.3642893299385905"
1.2333333333333334,308,Human,0,109,27,529,-1.2333333333333334,"-1.2426695787049646,-1.255418179069372,-1.3364650827933766,-1.3411739860811136"
3.4166666666666665,309,Human,1,199,71,1282,-3.4166666666666665,"-3.464123588310604,-3.4607815334905667,-3.4916236910419105,-3.4834181751163302"
1.6333333333333333,310,Human,3,116,135,249,-1.6333333333333333,"-1.7304485007898651,-1.670071227663678,-1.7274837515318202,-1.627935095457457"
4.433333333333334,315,Human,3,26,54,428,-4.433333333333334,"-4.555161184886634,-4.569357661728539,-4.5077099770441125,-4.461392960498742"
5.866666666666666,317,Human,3,117,132,1390,-5.866666666666666,"-7.5003736477271055,-6.122127720697496,-7.563204302851712,-6.091631505362094"
2.2333333333333334,319,Human,2,205,162,1755,-2.2333333333333334,"-2.209170907944186,-2.2157927162475217,-2.1911601260293003,-2.2176352177587626"
5.333333333333333,320,Human,1,206,144,1521,-5.333333333333333,"-7.159661634801063,-5.34018355835475,-7.007454184831387,-5.4939181921871745"
2.55,321,Human,1,204,163,334,-2.55,"-2.5521055493771256,-2.518650852312301,-2.555912622979608,-2.5568957824832474"
1.9166666666666667,322,Human,0,207,164,21,-1.9166666666666667,"-1.9166666666666665,-1.945827789776818,-1.927328314086873,-1.989495464362851"
2.683333333333333,326,Human,0,165,167,1367,-2.683333333333333,"-2.795190454451518,-2.833558208391545,-2.853145960025069,-2.8199624414977986"
5.583333333333333,328,Human,2,211,168,706,-5.583333333333333,"-5.625810909351795,-5.617794563326208,-5.575794250287601,-5.63549287511065"
3.316666666666667,331,Human,0,213,169,1034,-3.316666666666667,"-3.2901797457985587,-3.3424414091402412,-3.3169780838253455,-3.3012166741841296"
1.55,332,Human,0,158,126,278,-1.55,"-2.389238225549174,-2.918360012085888,-2.895366100463732,-2.904403996158476"
3.0833333333333335,334,Human,2,96,4,1036,-3.0833333333333335,"-3.1151295993530237,-3.1727662684194984,-3.0785544985596274,-3.1430876651380038"
7.966666666666667,335,Human,3,215,170,242,-7.966666666666667,"-7.936542374016913,-7.9449102812424846,-7.984454203078254,-7.926043456899184"
2.75,336,Human,0,216,171,1290,-2.75,"-2.753564964923707,-2.7712080880732923,-2.7777131874590655,-2.7681186009538328"
5.366666666666666,340,Human,0,219,5,116,-5.366666666666666,"-5.053191346661572,-5.121800606713369,-5.116282086730335,-5.147508070883806"
5.516666666666667,341,Human,1,210,110,1753,-5.516666666666667,"-5.515142059790136,-5.492689432826772,-5.514613384739501,-5.515443193903418"
2.9,342,Human,0,220,174,846,-2.9,"-4.251055144666227,-4.279776886364059,-4.276415804781798,-4.254748348264812"
7.25,343,Human,2,221,30,577,-7.25,"-5.931991019077101,-5.790962565072217,-5.729427965823304,-5.781160079240946"
4.383333333333334,345,Human,1,184,175,1782,-4.383333333333334,"-4.403385873989728,-4.380763373705315,-4.410714150504081,-4.4269933608495275"
2.0833333333333335,346,Human,0,223,57,144,-2.0833333333333335,"-1.9833333321187399,-2.0261204316543964,-2.013299741582774,-2.1897609307367025"
6.633333333333334,347,Human,0,24,40,588,-6.633333333333334,"-6.619164601228967,-6.632687356149903,-6.631079827750579,-6.637980717979386"
6.95,348,Human,2,224,176,272,-6.95,"-5.726099287594557,-5.726639476050655,-5.687002224962883,-5.725755893030209"
4.95,350,Human,3,226,178,1742,-4.95,"-5.33690592212569,-5.908789771417746,-5.157482260018659,-4.928334276461534"
6.066666666666666,351,Human,0,227,179,883,-6.066666666666666,"-6.081141599853579,-6.106251426650326,-6.114800828277966,-6.108707548265421"
2.75,352,Human,0,228,180,1215,-2.75,"-2.7466006028740813,-3.1430219620830564,-2.761454840367147,-4.330362974802038"
2.283333333333333,353,Human,3,156,125,1090,-2.283333333333333,"-2.2953983534675215,-2.2945291326958097,-2.295406684650007,-2.284838357241743"
2.6,354,Human,0,229,108,409,-2.6,"-2.571705833314824,-2.5863144333161223,-2.5967098148259753,-2.8226019291345983"
8.283333333333333,355,Human,1,230,60,1570,-8.283333333333333,"-8.409340289109657,-8.288574261491261,-8.29461511925318,-8.301301941597629"
0.9333333333333333,356,Human,1,148,125,1758,-0.9333333333333333,"-1.1793277275891736,-0.9018770789469341,-0.9128018645241183,-0.919510141665467"
0.9833333333333333,357,Human,0,24,181,297,-0.9833333333333333,"-0.9702496912558619,-1.0019780995674687,-0.9989944878824818,-1.0010297521156004"
3.066666666666667,359,Human,0,24,132,767,-3.066666666666667,"-3.1014344308037067,-3.1249618917238253,-3.160965046500114,-3.1194104466632333"
0.7333333333333333,360,Human,0,231,3,1197,-0.7333333333333333,"-0.7358028525689544,-0.7708162673027563,-0.8222879631375664,-0.8914540136519051"
3.3333333333333335,363,Human,0,58,49,356,-3.3333333333333335,"-3.323605706388723,-3.3886797177825776,-3.3442431769765024,-3.353075004806243"
2.4166666666666665,364,Human,0,79,31,1733,-2.4166666666666665,"-2.418510480954469,-2.430768701989439,-3.592221226173417,-3.5631957921791324"
0.8166666666666667,367,Human,0,22,184,876,-0.8166666666666667,"-0.8754740317402667,-1.021376165014493,-1.1109995934798662,-1.2939249594505888"
1.75,369,Human,2,216,47,374,-1.75,"-1.8606461255850253,-1.855473483715143,-1.8015579620913877,-1.951314616424526"
2.1166666666666667,371,Human,0,235,186,1556,-2.1166666666666667,"-2.089062174593307,-2.117250194418033,-2.1351516897303973,-2.1303745365658404"
4.4,373,Human,1,236,31,1360,-4.4,"-6.133323847723693,-4.421575836276821,-4.4726164640003505,-6.130469536764476"
3.0166666666666666,374,Human,1,237,31,314,-3.0166666666666666,"-3.169861527455899,-3.0326352391471088,-3.151910064271222,-3.1237190579075156"
1.5,376,Human,3,143,187,1567,-1.5,"-3.2637298246170463,-1.5461039746055643,-3.3986574856189726,-1.5048457262822255"
3.75,378,Human,0,91,10,1232,-3.75,"-3.75456610526429,-3.7738754020661602,-3.7782556847928768,-3.7828391404340307"
2.0166666666666666,382,Human,0,235,161,109,-2.0166666666666666,"-2.016666666661453,-2.0429283084530936,-2.0339601587998115,-2.077591171644162"
1.3833333333333333,385,Human,0,239,132,1687,-1.3833333333333333,"-1.3164447422285348,-1.3568594678042318,-1.3396604268334222,-1.3254660406884924"
1.1,387,Human,0,1,132,6,-1.1,"-1.0999999999999999,-1.1025121190304779,-1.2178593712503,-1.105302936875558"
0.9166666666666666,388,Human,0,227,0,810,-0.9166666666666666,"-0.9357044293773772,-0.9740007192815353,-0.9803002615209255,-0.9797017831852475"
2.1,389,Human,3,241,190,1171,-2.1,"-2.1295849321319906,-2.131321440806777,-2.1632466353165465,-2.1161994060880667"
1.5,393,Human,0,239,8,241,-1.5,"-1.479063251406984,-1.5140108452320264,-1.675301992402264,-1.4951096811355327"
0.7,395,Human,0,242,0,317,-0.7,"-0.6981417843876012,-0.7233333187418095,-0.8554556049557438,-1.247716224106212"
1.3833333333333333,396,Human,1,234,178,1077,-1.3833333333333333,"-1.426929176481882,-1.3903325367724866,-1.4497451634269263,-1.4016531123611617"
1.4,399,Human,0,234,132,1492,-1.4,"-1.3931923890200044,-1.403968902327814,-1.4305140964722824,-1.4274416318694507"
0.8166666666666667,401,Human,0,1,60,521,-0.8166666666666667,"-0.9056460510986537,-0.9333014455454997,-0.9699834086873053,-0.9505449484041277"
4.966666666666667,406,Human,1,244,191,401,-4.966666666666667,"-4.525509763503666,-4.474566621678255,-4.526669814280381,-4.53899385755186"
5.716666666666667,408,Human,2,245,54,273,-5.716666666666667,"-5.801513158609707,-5.751359081207315,-5.73320481852536,-5.759114491134369"
3.1333333333333333,411,Human,3,1,3,1504,-3.1333333333333333,"-4.7500608572115075,-3.2001323446964185,-4.85198480304186,-3.1505207167934577"
1.7666666666666666,412,Human,3,219,85,381,-1.7666666666666666,"-1.8490304972427272,-1.8414692341044046,-1.9329333012782925,-1.807050453909303"
1.2,413,Human,0,246,66,387,-1.2,"-1.1361760734206907,-1.1605166957108715,-1.2188727621790258,-1.1981164386849055"
5.983333333333333,414,Human,0,247,192,827,-5.983333333333333,"-5.979212540456953,-5.988593441885796,-5.986899121409002,-5.989064392004153"
1.1333333333333333,416,Human,1,248,193,1545,-1.1333333333333333,"-1.1806108438748844,-1.1546107194809148,-1.2061809421823393,-2.0956889911453347"
1.7666666666666666,417,Human,1,249,150,1398,-1.7666666666666666,"-1.7264277395785652,-1.7072239462099161,-1.7373466780916438,-2.8828815818946905"
0.9833333333333333,419,Human,0,188,194,764,-0.9833333333333333,"-1.0175422716137577,-1.0421029037676988,-1.1070602351811856,-1.2507919366450684"
0.9833333333333333,420,Human,0,186,66,664,-0.9833333333333333,"-0.9970173752120597,-1.0438427069834417,-1.0506239500839931,-1.0034078078003363"
1.2333333333333334,421,Human,1,248,193,1697,-1.2333333333333334,"-1.298691981766574,-1.2702756911946977,-1.321746887079205,-2.0956889911453347"
3.3,422,Human,1,250,195,736,-3.3,"-2.9273569417870355,-2.9122488849464934,-2.949928538787355,-2.962688085438467"
4.85,423,Human,1,186,97,115,-4.85,"-4.919297547963536,-4.831823545535406,-4.907165346029355,-4.902879936213841"
4.333333333333333,424,Human,0,82,196,1296,-4.333333333333333,"-4.342314993908028,-4.398549659212176,-4.377810819396743,-4.3934113008851865"
2.45,426,Human,0,132,31,719,-2.45,"-2.4509872194407443,-2.4824795476900707,-2.500956441340204,-2.4742232953130583"
1.3833333333333333,427,Human,1,47,64,1399,-1.3833333333333333,"-1.325899573417613,-1.2940062054878814,-1.3395571894762524,-1.33419627938431"
2.5833333333333335,430,Human,0,98,4,940,-2.5833333333333335,"-2.5893483726760413,-2.6971452591202976,-2.6997183430654084,-2.6943826099240598"
4.416666666666667,431,Human,1,252,172,211,-4.416666666666667,"-4.42774710406696,-4.377639564285704,-4.436640434061182,-4.463239355616658"
3.6166666666666667,432,Human,0,253,198,67,-3.6166666666666667,"-3.596970951556386,-3.612467399298665,-3.6462542043523203,-3.6127459044796417"
6.216666666666667,433,Human,0,245,1,1706,-6.216666666666667,"-6.2442536100706345,-6.271364900061398,-7.435904143653916,-7.501160034846466"
3.55,434,Human,1,237,0,358,-3.55,"-3.809668029444545,-3.5679324449356993,-3.713359927349264,-3.6941993807890423"
2.066666666666667,436,Human,0,255,199,1382,-2.066666666666667,"-1.9206397481851578,-1.973210542652538,-1.986342419351223,-1.9982289488571499"
3.066666666666667,437,Human,1,214,110,94,-3.066666666666667,"-3.052302754322609,-3.039076325178107,-3.0715656019285174,-3.0646596829911585"
1.7333333333333334,438,Human,0,211,108,1032,-1.7333333333333334,"-1.7116164686775488,-1.7387610995383773,-1.7613538004167593,-1.7454231085242438"
5.166666666666667,439,Human,2,26,198,1644,-5.166666666666667,"-5.163568607456627,-5.14429339236294,-5.112078390829865,-5.136959694358089"
3.1,441,Human,0,89,200,1425,-3.1,"-3.0690123763373514,-3.0722121282482644,-3.0751162411263557,-3.087491027575605"
5.55,442,Human,1,159,172,795,-5.55,"-5.648327814818124,-5.599440275667766,-5.611828178498195,-5.6098912182152825"
5.1,443,Human,3,159,201,383,-5.1,"-5.130929114138156,-5.130953549220995,-5.130800933568933,-5.085307098892837"
2.816666666666667,446,Human,3,52,203,1764,-2.816666666666667,"-3.540251094731066,-2.932580376620733,-3.630355179766375,-2.8305792990864425"
3.566666666666667,448,Human,2,217,47,476,-3.566666666666667,"-3.6412516441349565,-3.7602971657583932,-3.574468952461151,-3.821849832223545"
2.35,450,Human,0,33,60,186,-2.35,"-2.35578102544667,-2.3754718484804855,-2.430456082173963,-2.3820465288490484"
1.7333333333333334,451,Human,0,240,18,1050,-1.7333333333333334,"-1.7443440299632802,-1.7769444367911527,-1.7734162943724183,-1.78586550687207"
0.8166666666666667,455,Human,1,259,132,794,-0.8166666666666667,"-0.8328155261101987,-0.8099191637278714,-0.8607754528437725,-0.8365735541156707"
0.9333333333333333,456,Human,0,184,193,1694,-0.9333333333333333,"-0.9319338906769401,-0.9673064554835615,-0.9523992129858413,-0.9744780417566594"
2.533333333333333,458,Human,1,188,57,251,-2.533333333333333,"-2.5609977479467325,-2.548404619339209,-2.6485055529311037,-2.578595386785718"
1.2666666666666666,459,Human,0,261,110,659,-1.2666666666666666,"-1.2490134813994396,-1.2674845467703577,-1.273803770787446,-1.2921777802488674"
1.5333333333333334,460,Human,0,7,204,1559,-1.5333333333333334,"-1.5289512553755125,-1.5493439863808585,-1.545720120880788,-1.5472692220550752"
1.7,463,Human,0,54,57,77,-1.7,"-1.7000000000000004,-1.8517610508351052,-1.7662491897137875,-1.7819919302945413"
8.633333333333333,464,Human,0,54,205,118,-8.633333333333333,"-7.16141988763815,-7.28986416143862,-7.349403992069771,-7.2829164057288125"
0.95,465,Human,0,184,206,748,-0.95,"-0.9292112402947297,-0.9543953922592562,-0.9502443471468742,-0.9751868590352775"
1.25,466,Human,1,54,66,87,-1.25,"-1.2346953807140437,-1.2000000011053342,-1.2426286537077036,-1.2653968533717304"
0.48333333333333334,468,Human,0,234,6,928,-0.48333333333333334,"-0.4859668150202313,-0.5001051346292298,-0.5323969282457404,-0.5211447084233262"
0.8833333333333333,469,Human,1,105,132,1292,-0.8833333333333333,"-0.904481834614786,-0.8921886486864,-0.9251666330693546,-1.1046316294696423"
2.966666666666667,471,Human,0,217,125,139,-2.966666666666667,"-2.990264046585955,-3.007243265727049,-3.0156975655704064,-3.037792754936373"
3.816666666666667,472,Human,1,23,176,1788,-3.816666666666667,"-3.942912712075702,-3.8292571455428135,-3.8621897054912804,-3.8660358592134316"
4.233333333333333,477,Human,0,117,71,1152,-4.233333333333333,"-4.5465453209932285,-4.574330776423183,-4.5795958255215385,-4.567981376398031"
4.216666666666667,478,Human,0,39,209,223,-4.216666666666667,"-4.202577231760296,-4.22384894231628,-4.230469648072355,-4.239111410462415"
2.9,480,Human,2,264,40,1021,-2.9,"-2.9336719642908577,-2.9244873568514524,-2.8628231057358864,-2.9430348663306938"
0.7333333333333333,481,Human,0,204,210,1249,-0.7333333333333333,"-0.7296063014035459,-0.7594494840412767,-0.7553755699544036,-1.0881569474442043"
3.2333333333333334,482,Human,2,265,152,795,-3.2333333333333334,"-3.245988972555796,-3.241330315579286,-3.207591006130777,-3.2497327293035765"
2.066666666666667,483,Human,0,266,10,1425,-2.066666666666667,"-2.0606735396287887,-2.153314500230042,-2.130305976962419,-2.0939485608537165"
0.9166666666666666,484,Human,0,267,2,1777,-0.9166666666666666,"-0.8987689699856775,-0.9807989594432446,-0.972762179025678,-0.9399227261819056"
1.0166666666666666,487,Human,0,193,211,1341,-1.0166666666666666,"-1.0217259467448325,-1.1511135109191264,-1.05675305975522,-1.161953443724502"
3.8833333333333333,488,Human,0,269,2,1729,-3.8833333333333333,"-4.228935319725645,-4.275768953088891,-4.288908155876927,-4.301857156620859"
4.183333333333334,491,Human,2,270,71,1761,-4.183333333333334,"-4.405761630551982,-4.42319316798696,-4.3848483908526745,-4.441533545970561"
1.0666666666666667,493,Human,0,193,144,1625,-1.0666666666666667,"-1.0460565298635656,-1.0753674106071514,-1.0715880777537798,-2.06088912886969"
7.7,498,Human,0,245,212,613,-7.7,"-7.735334769420682,-7.767608640784314,-7.760758847345721,-7.756303851371495"
1.9166666666666667,499,Human,0,273,213,56,-1.9166666666666667,"-1.9000000008570344,-1.9187816603714491,-1.9067507719406405,-1.9146523302746845"
2.4166666666666665,501,Human,1,275,1,1146,-2.4166666666666665,"-2.474615281794594,-2.4389948468653144,-2.5251348223924857,-2.4805621011009333"
3.183333333333333,502,Human,0,197,175,1178,-3.183333333333333,"-3.1940342024913178,-3.231675918003844,-3.2164856708515606,-3.2169898248443665"
3.183333333333333,503,Human,1,276,27,821,-3.183333333333333,"-3.2129889309288457,-3.1558705014204977,-3.2020202521241385,-3.2574293485981842"
6.816666666666666,505,Human,2,263,215,112,-6.816666666666666,"-6.800752502758355,-6.820034399107843,-6.779765871544076,-6.817315661229568"
2.9833333333333334,506,Human,0,278,216,370,-2.9833333333333334,"-3.6832285778462523,-3.7700771020813972,-3.6984282440482796,-3.7626141451383175"
1.9,507,Human,1,279,71,1499,-1.9,"-1.9025190780828254,-1.886780136835246,-1.9103750588763178,-1.9025637581958286"
3.0166666666666666,508,Human,0,23,4,1455,-3.0166666666666666,"-3.009596666083666,-3.0309472965211,-3.0347786581336327,-3.0135974887337547"
7.233333333333333,509,Human,2,280,172,132,-7.233333333333333,"-7.3995763901288205,-7.665760674855974,-7.145615842553929,-7.358594292080512"
5.0,510,Human,3,281,66,263,-5.0,"-5.1699244152054975,-4.87951002944876,-4.921690451672343,-4.847733983289368"
2.433333333333333,511,Human,0,80,152,284,-2.433333333333333,"-2.4642137067516714,-2.53472797311579,-2.529163810411864,-2.5267312948236405"
2.816666666666667,513,Human,0,283,10,755,-2.816666666666667,"-2.8280191179820355,-2.8839966390196112,-2.877110584019337,-2.9092759329615543"
2.4833333333333334,514,Human,0,39,40,1686,-2.4833333333333334,"-2.51576677559713,-2.5335166801681037,-2.5703473797856655,-2.538941781395064"
0.7666666666666667,516,Human,0,151,139,624,-0.7666666666666667,"-0.7607105439504224,-0.798540916726662,-0.988816894648428,-0.8086479481641471"
0.7,517,Human,1,39,217,1224,-0.7,"-0.7455084425245981,-0.6958763299227608,-0.7666258699304056,-0.7649604031677467"
5.483333333333333,521,Human,2,184,135,241,-5.483333333333333,"-5.521278817513794,-5.514351603424837,-5.497977357723294,-5.588377099624243"
2.8,522,Human,0,284,125,238,-2.8,"-2.832070171733439,-2.8564302834332214,-2.856767724346615,-2.8622183536623016"
