travel_time,id,kind,action,origin,destination,start_time,reward,cost_table
7.933333333333334,487,AV,2,0,5,898,-4.8499597423510465,"0,0,0,0"
4.916666666666667,664,AV,2,4,12,1220,-4.8499597423510465,"0,0,0,0"
3.3666666666666667,32,AV,3,0,12,80,-4.8499597423510465,"0,0,0,0"
3.933333333333333,357,AV,1,0,3,680,-4.8499597423510465,"0,0,0,0"
5.05,546,AV,0,11,5,1002,-4.8499597423510465,"0,0,0,0"
6.45,108,AV,2,4,20,213,-4.8499597423510465,"0,0,0,0"
5.816666666666666,261,AV,1,11,2,453,-4.8499597423510465,"0,0,0,0"
4.483333333333333,869,AV,1,17,5,1501,-4.8499597423510465,"0,0,0,0"
5.933333333333334,234,AV,1,4,20,402,-4.8499597423510465,"0,0,0,0"
4.416666666666667,132,AV,1,11,3,248,-4.8499597423510465,"0,0,0,0"
5.8,985,AV,2,16,10,1684,-4.8499597423510465,"0,0,0,0"
4.35,928,AV,3,16,9,1596,-4.8499597423510465,"0,0,0,0"
4.966666666666667,805,AV,1,7,9,1419,-4.8499597423510465,"0,0,0,0"
4.3,376,AV,1,7,9,707,-4.8499597423510465,"0,0,0,0"
5.416666666666667,533,AV,1,0,2,974,-4.849959742351046,"0,0,0,0"
4.683333333333334,617,AV,3,4,85,1126,-4.8499597423510465,"0,0,0,0"
3.8,113,AV,0,7,4,225,-4.8499597423510465,"0,0,0,0"
4.933333333333334,470,AV,3,1,1,876,-4.8499597423510465,"0,0,0,0"
3.45,525,AV,0,1,75,959,-4.8499597423510465,"0,0,0,0"
5.133333333333334,230,AV,3,4,4,398,-4.8499597423510465,"0,0,0,0"
3.1666666666666665,988,AV,1,124,10,1690,-4.8499597423510465,"0,0,0,0"
6.566666666666666,644,AV,2,11,2,1175,-4.8499597423510465,"0,0,0,0"
5.65,45,AV,0,11,3,94,-4.8499597423510465,"0,0,0,0"
1.3166666666666667,762,AV,0,8,2,1378,-4.8499597423510465,"0,0,0,0"
5.366666666666666,822,AV,1,11,20,1436,-4.8499597423510465,"0,0,0,0"
4.166666666666667,953,AV,1,118,10,1622,-4.8499597423510465,"0,0,0,0"
6.7,909,AV,0,4,3,1566,-4.8499597423510465,"0,0,0,0"
6.583333333333333,692,AV,3,0,2,1258,-4.8499597423510465,"0,0,0,0"
3.1666666666666665,548,AV,0,83,1,1003,-4.8499597423510465,"0,0,0,0"
4.733333333333333,316,AV,0,0,2,565,-4.8499597423510465,"0,0,0,0"
3.0166666666666666,481,AV,1,0,4,895,-4.8499597423510465,"0,0,0,0"
1.4833333333333334,679,AV,0,0,12,1241,-4.8499597423510465,"0,0,0,0"
6.266666666666667,1019,AV,0,4,3,1757,-4.849959742351047,"0,0,0,0"
5.883333333333334,31,AV,0,11,3,79,-4.8499597423510465,"0,0,0,0"
4.683333333333334,65,AV,1,7,9,139,-4.8499597423510465,"0,0,0,0"
6.3,506,AV,0,0,5,920,-4.8499597423510465,"0,0,0,0"
7.15,897,AV,1,24,1,1549,-4.8499597423510465,"0,0,0,0"
5.483333333333333,424,AV,0,0,5,796,-4.8499597423510465,"0,0,0,0"
5.766666666666667,450,AV,3,17,5,851,-4.8499597423510465,"0,0,0,0"
4.333333333333333,730,AV,2,7,9,1320,-4.8499597423510465,"0,0,0,0"
4.833333333333333,116,AV,1,7,9,228,-4.8499597423510465,"0,0,0,0"
7.383333333333334,522,AV,3,1,10,955,-4.8499597423510465,"0,0,0,0"
6.716666666666667,760,AV,2,8,9,1376,-4.8499597423510465,"0,0,0,0"
3.216666666666667,971,AV,3,8,98,1662,-4.8499597423510465,"0,0,0,0"
3.283333333333333,471,AV,2,4,4,877,-4.8499597423510465,"0,0,0,0"
2.4,79,AV,0,4,18,160,-4.849959742351047,"0,0,0,0"
4.5,962,AV,0,4,104,1648,-4.8499597423510465,"0,0,0,0"
4.516666666666667,87,AV,3,11,3,178,-4.8499597423510465,"0,0,0,0"
3.0833333333333335,343,AV,1,57,15,653,-4.8499597423510465,"0,0,0,0"
4.65,653,AV,2,11,2,1202,-4.8499597423510465,"0,0,0,0"
5.283333333333333,161,AV,1,4,3,296,-4.8499597423510465,"0,0,0,0"
6.5,71,AV,2,8,9,149,-4.8499597423510465,"0,0,0,0"
3.7,140,AV,0,4,24,265,-4.8499597423510465,"0,0,0,0"
5.2,297,AV,2,17,5,525,-4.8499597423510465,"0,0,0,0"
6.166666666666667,676,AV,1,4,3,1236,-4.8499597423510465,"0,0,0,0"
4.766666666666667,687,AV,3,11,3,1245,-4.8499597423510465,"0,0,0,0"
5.533333333333333,633,AV,3,16,9,1158,-4.8499597423510465,"0,0,0,0"
4.833333333333333,594,AV,2,4,2,1084,-4.8499597423510465,"0,0,0,0"
6.2,775,AV,2,11,20,1388,-4.8499597423510465,"0,0,0,0"
7.583333333333333,351,AV,3,8,10,676,-4.8499597423510465,"0,0,0,0"
5.7,412,AV,1,1,10,780,-4.8499597423510465,"0,0,0,0"
5.2,650,AV,2,11,3,1194,-4.849959742351047,"0,0,0,0"
4.55,578,AV,3,86,3,1061,-4.849959742351047,"0,0,0,0"
5.233333333333333,319,AV,2,8,48,578,-4.849959742351047,"0,0,0,0"
7.933333333333334,494,AV,2,0,5,903,-4.8499597423510465,"0,0,0,0"
7.7,554,AV,3,0,2,1009,-4.8499597423510465,"0,0,0,0"
5.9,665,AV,0,6,5,1221,-4.8499597423510465,"0,0,0,0"
4.983333333333333,466,AV,3,1,1,870,-4.8499597423510465,"0,0,0,0"
6.1,109,AV,1,1,10,220,-4.8499597423510465,"0,0,0,0"
5.383333333333334,872,AV,1,17,5,1505,-4.8499597423510465,"0,0,0,0"
4.516666666666667,774,AV,1,0,2,1386,-4.8499597423510465,"0,0,0,0"
5.6,128,AV,3,16,10,245,-4.8499597423510465,"0,0,0,0"
4.6,939,AV,2,11,20,1608,-4.8499597423510465,"0,0,0,0"
2.2,724,AV,2,8,2,1316,-4.849959742351047,"0,0,0,0"
2.933333333333333,720,AV,3,64,10,1311,-4.8499597423510465,"0,0,0,0"
5.333333333333333,969,AV,0,21,4,1656,-4.8499597423510465,"0,0,0,0"
7.433333333333334,850,AV,0,0,2,1475,-4.8499597423510465,"0,0,0,0"
5.0,607,AV,2,90,9,1109,-4.8499597423510465,"0,0,0,0"
3.466666666666667,800,AV,1,50,9,1415,-4.849959742351047,"0,0,0,0"
3.2333333333333334,959,AV,1,98,2,1641,-4.8499597423510465,"0,0,0,0"
5.733333333333333,237,AV,0,4,5,412,-4.8499597423510465,"0,0,0,0"
4.866666666666666,472,AV,0,4,12,878,-4.8499597423510465,"0,0,0,0"
5.133333333333334,498,AV,1,4,5,907,-4.8499597423510465,"0,0,0,0"
1.7166666666666666,991,AV,0,21,21,1695,-4.8499597423510465,"0,0,0,0"
2.0833333333333335,251,AV,3,0,3,435,-4.8499597423510465,"0,0,0,0"
3.65,453,AV,2,4,4,853,-4.849959742351047,"0,0,0,0"
3.216666666666667,373,AV,3,7,9,697,-4.8499597423510465,"0,0,0,0"
4.983333333333333,923,AV,1,16,4,1591,-4.8499597423510465,"0,0,0,0"
8.083333333333334,504,AV,3,0,5,913,-4.849959742351047,"0,0,0,0"
5.316666666666666,438,AV,0,17,5,816,-4.849959742351047,"0,0,0,0"
4.383333333333334,458,AV,3,13,39,861,-4.8499597423510465,"0,0,0,0"
5.5,820,AV,2,4,20,1434,-4.8499597423510465,"0,0,0,0"
1.5833333333333333,104,AV,0,0,12,203,-4.8499597423510465,"0,0,0,0"
5.733333333333333,345,AV,1,7,10,667,-4.8499597423510465,"0,0,0,0"
7.016666666666667,477,AV,3,1,10,890,-4.849959742351047,"0,0,0,0"
5.883333333333334,346,AV,1,0,2,670,-4.8499597423510465,"0,0,0,0"
6.633333333333334,752,AV,3,103,9,1354,-4.8499597423510465,"0,0,0,0"
5.133333333333334,282,AV,3,1,1,500,-4.849959742351047,"0,0,0,0"
5.45,416,AV,3,7,10,784,-4.8499597423510465,"0,0,0,0"
6.3,172,AV,0,4,3,320,-4.8499597423510465,"0,0,0,0"
5.633333333333334,782,AV,3,7,10,1397,-4.8499597423510465,"0,0,0,0"
1.9166666666666667,539,AV,3,0,3,989,-4.8499597423510465,"0,0,0,0"
6.0,73,AV,0,4,16,152,-4.8499597423510465,"0,0,0,0"
4.916666666666667,101,AV,2,25,10,197,-4.8499597423510465,"0,0,0,0"
5.933333333333334,946,AV,1,1,1,1616,-4.8499597423510465,"0,0,0,0"
3.9166666666666665,95,AV,3,24,19,189,-4.8499597423510465,"0,0,0,0"
8.25,106,AV,0,17,3,204,-4.8499597423510465,"0,0,0,0"
1.2333333333333334,493,AV,1,0,12,902,-4.8499597423510465,"0,0,0,0"
4.583333333333333,112,AV,2,7,9,223,-4.8499597423510465,"0,0,0,0"
4.466666666666667,854,AV,1,49,9,1481,-4.8499597423510465,"0,0,0,0"
4.333333333333333,847,AV,3,1,1,1470,-4.849959742351047,"0,0,0,0"
6.866666666666666,421,AV,3,0,2,794,-4.849959742351047,"0,0,0,0"
4.583333333333333,932,AV,2,116,10,1604,-4.849959742351047,"0,0,0,0"
1.9166666666666667,153,AV,1,16,27,288,-4.849959742351047,"0,0,0,0"
1.0333333333333334,640,AV,0,97,3,1173,-4.849959742351047,"0,0,0,0"
3.65,64,AV,3,1,1,136,-4.849959742351047,"0,0,0,0"
4.033333333333333,680,AV,0,99,10,1243,-4.8499597423510465,"0,0,0,0"
5.283333333333333,649,AV,1,4,3,1192,-4.8499597423510465,"0,0,0,0"
8.116666666666667,651,AV,3,17,3,1197,-4.8499597423510465,"0,0,0,0"
5.05,377,AV,1,7,10,710,-4.849959742351046,"0,0,0,0"
4.716666666666667,780,AV,2,7,10,1391,-4.8499597423510465,"0,0,0,0"
4.333333333333333,146,AV,0,11,26,271,-4.8499597423510465,"0,0,0,0"
4.15,474,AV,2,17,5,887,-4.8499597423510465,"0,0,0,0"
3.8,404,AV,1,7,4,775,-4.8499597423510465,"0,0,0,0"
0.7833333333333333,1017,AV,0,16,5,1755,-4.8499597423510465,"0,0,0,0"
5.15,778,AV,3,4,4,1389,-4.8499597423510465,"0,0,0,0"
8.416666666666666,877,AV,0,1,10,1519,-4.8499597423510465,"0,0,0,0"
3.8,492,AV,1,0,52,901,-4.8499597423510465,"0,0,0,0"
4.533333333333333,1014,AV,1,129,10,1753,-4.8499597423510465,"0,0,0,0"
6.9,843,AV,2,8,10,1468,-4.8499597423510465,"0,0,0,0"
5.2,55,AV,2,18,2,127,-4.8499597423510465,"0,0,0,0"
3.0166666666666666,329,AV,0,7,9,610,-4.8499597423510465,"0,0,0,0"
4.35,706,AV,3,16,94,1291,-4.8499597423510465,"0,0,0,0"
2.466666666666667,360,AV,1,1,57,682,-4.849959742351047,"0,0,0,0"
5.5,406,AV,2,7,10,777,-4.8499597423510465,"0,0,0,0"
4.2,125,AV,0,7,9,238,-4.8499597423510465,"0,0,0,0"
4.716666666666667,684,AV,2,11,3,1244,-4.8499597423510465,"0,0,0,0"
3.816666666666667,598,AV,1,88,5,1091,-4.849959742351047,"0,0,0,0"
4.566666666666666,247,AV,0,11,3,427,-4.849959742351047,"0,0,0,0"
3.783333333333333,185,AV,2,16,12,335,-4.8499597423510465,"0,0,0,0"
7.633333333333334,783,AV,0,8,9,1397,-4.849959742351047,"0,0,0,0"
4.216666666666667,572,AV,3,85,2,1054,-4.8499597423510465,"0,0,0,0"
5.833333333333333,263,AV,2,4,20,456,-4.8499597423510465,"0,0,0,0"
5.316666666666666,1007,AV,3,4,3,1732,-4.849959742351047,"0,0,0,0"
5.566666666666666,131,AV,1,16,10,246,-4.849959742351047,"0,0,0,0"
5.683333333333334,410,AV,0,0,5,780,-4.8499597423510465,"0,0,0,0"
2.7666666666666666,1008,AV,0,0,3,1740,-4.849959742351047,"0,0,0,0"
3.1166666666666667,666,AV,0,7,9,1223,-4.8499597423510465,"0,0,0,0"
7.95,433,AV,2,0,5,807,-4.8499597423510465,"0,0,0,0"
5.633333333333334,141,AV,1,11,3,267,-4.8499597423510465,"0,0,0,0"
5.116666666666666,912,AV,1,1,1,1580,-4.8499597423510465,"0,0,0,0"
8.283333333333333,326,AV,2,16,10,603,-4.8499597423510465,"0,0,0,0"
4.633333333333334,694,AV,1,0,93,1259,-4.8499597423510465,"0,0,0,0"
3.033333333333333,268,AV,0,0,3,464,-4.8499597423510465,"0,0,0,0"
1.85,972,AV,2,120,3,1664,-4.8499597423510465,"0,0,0,0"
1.9,518,AV,1,80,3,942,-4.8499597423510465,"0,0,0,0"
3.3666666666666667,1021,AV,0,11,4,1767,-4.8499597423510465,"0,0,0,0"
4.6,678,AV,0,11,3,1239,-4.8499597423510465,"0,0,0,0"
4.45,924,AV,3,16,9,1592,-4.8499597423510465,"0,0,0,0"
3.7,990,AV,3,1,1,1694,-4.8499597423510465,"0,0,0,0"
5.416666666666667,751,AV,0,17,5,1349,-4.849959742351047,"0,0,0,0"
2.066666666666667,743,AV,2,102,3,1338,-4.8499597423510465,"0,0,0,0"
5.133333333333334,819,AV,0,49,2,1431,-4.8499597423510465,"0,0,0,0"
3.7,784,AV,3,7,9,1398,-4.8499597423510465,"0,0,0,0"
6.3,673,AV,0,4,3,1232,-4.8499597423510465,"0,0,0,0"
2.7666666666666666,26,AV,2,13,11,72,-4.8499597423510465,"0,0,0,0"
6.933333333333334,740,AV,0,16,10,1336,-4.8499597423510465,"0,0,0,0"
5.316666666666666,804,AV,3,7,10,1417,-4.8499597423510465,"0,0,0,0"
4.966666666666667,1013,AV,1,4,3,1749,-4.8499597423510465,"0,0,0,0"
5.233333333333333,848,AV,3,19,3,1473,-4.8499597423510465,"0,0,0,0"
3.1333333333333333,314,AV,2,0,3,563,-4.8499597423510465,"0,0,0,0"
5.866666666666666,30,AV,2,4,3,77,-4.8499597423510465,"0,0,0,0"
4.766666666666667,216,AV,2,11,2,379,-4.8499597423510465,"0,0,0,0"
4.466666666666667,325,AV,1,17,5,600,-4.8499597423510465,"0,0,0,0"
5.083333333333333,864,AV,3,1,1,1496,-4.8499597423510465,"0,0,0,0"
3.1,936,AV,3,8,2,1607,-4.8499597423510465,"0,0,0,0"
4.1,371,AV,0,22,9,695,-4.8499597423510465,"0,0,0,0"
3.75,408,AV,1,7,9,779,-4.8499597423510465,"0,0,0,0"
6.883333333333334,426,AV,2,8,16,798,-4.8499597423510465,"0,0,0,0"
4.05,6,AV,1,4,4,13,-4.8499597423510465,"0,0,0,0"
5.35,219,AV,2,11,3,382,-4.849959742351047,"0,0,0,0"
4.516666666666667,178,AV,3,8,9,326,-4.8499597423510465,"0,0,0,0"
5.516666666666667,702,AV,2,11,3,1285,-4.8499597423510465,"0,0,0,0"
4.316666666666666,817,AV,1,11,20,1430,-4.8499597423510465,"0,0,0,0"
4.933333333333334,497,AV,2,4,5,905,-4.8499597423510465,"0,0,0,0"
5.766666666666667,83,AV,1,11,3,169,-4.8499597423510465,"0,0,0,0"
3.2333333333333334,179,AV,0,34,10,329,-4.8499597423510465,"0,0,0,0"
6.366666666666666,921,AV,2,115,2,1591,-4.8499597423510465,"0,0,0,0"
5.85,792,AV,1,7,10,1409,-4.8499597423510465,"0,0,0,0"
4.7,36,AV,0,11,3,82,-4.8499597423510465,"0,0,0,0"
9.516666666666667,117,AV,1,17,3,229,-4.849959742351047,"0,0,0,0"
3.466666666666667,935,AV,0,11,20,1606,-4.8499597423510465,"0,0,0,0"
3.7,659,AV,3,7,9,1214,-4.8499597423510465,"0,0,0,0"
5.7,267,AV,3,21,4,462,-4.8499597423510465,"0,0,0,0"
6.566666666666666,467,AV,1,7,66,873,-4.849959742351047,"0,0,0,0"
5.45,529,AV,2,4,5,969,-4.8499597423510465,"0,0,0,0"
2.7666666666666666,570,AV,0,8,78,1050,-4.8499597423510465,"0,0,0,0"
4.483333333333333,423,AV,3,11,3,794,-4.849959742351047,"0,0,0,0"
5.816666666666666,199,AV,2,11,3,351,-4.8499597423510465,"0,0,0,0"
7.433333333333334,461,AV,1,1,10,862,-4.849959742351047,"0,0,0,0"
2.3333333333333335,387,AV,2,65,2,733,-4.8499597423510465,"0,0,0,0"
3.6166666666666667,913,AV,2,13,4,1580,-4.8499597423510465,"0,0,0,0"
2.716666666666667,401,AV,0,7,9,774,-4.8499597423510465,"0,0,0,0"
4.433333333333334,989,AV,0,125,3,1694,-4.8499597423510465,"0,0,0,0"
5.683333333333334,722,AV,3,11,2,1314,-4.8499597423510465,"0,0,0,0"
6.2,758,AV,0,8,10,1375,-4.8499597423510465,"0,0,0,0"
2.933333333333333,103,AV,0,0,3,201,-4.849959742351047,"0,0,0,0"
5.316666666666666,61,AV,1,1,1,134,-4.849959742351047,"0,0,0,0"
5.833333333333333,200,AV,0,4,3,351,-4.849959742351047,"0,0,0,0"
8.166666666666666,203,AV,1,0,2,355,-4.8499597423510465,"0,0,0,0"
5.816666666666666,967,AV,0,21,10,1654,-4.8499597423510465,"0,0,0,0"
1.4166666666666667,795,AV,0,106,5,1412,-4.8499597423510465,"0,0,0,0"
4.116666666666666,58,AV,0,7,10,131,-4.8499597423510465,"0,0,0,0"
5.866666666666666,868,AV,1,7,10,1501,-4.8499597423510465,"0,0,0,0"
6.733333333333333,102,AV,2,4,3,199,-4.849959742351047,"0,0,0,0"
6.033333333333333,342,AV,3,56,10,652,-4.8499597423510465,"0,0,0,0"
5.233333333333333,573,AV,1,1,1,1055,-4.8499597423510465,"0,0,0,0"
4.366666666666666,857,AV,0,7,10,1487,-4.8499597423510465,"0,0,0,0"
5.05,551,AV,0,11,5,1005,-4.8499597423510465,"0,0,0,0"
4.85,624,AV,1,27,2,1140,-4.8499597423510465,"0,0,0,0"
4.316666666666666,789,AV,1,0,2,1404,-4.8499597423510465,"0,0,0,0"
5.35,574,AV,1,11,5,1055,-4.849959742351047,"0,0,0,0"
3.7,538,AV,3,11,2,984,-4.8499597423510465,"0,0,0,0"
6.7,347,AV,2,24,54,673,-4.8499597423510465,"0,0,0,0"
5.5,276,AV,3,16,44,483,-4.849959742351047,"0,0,0,0"
3.8,987,AV,0,16,107,1689,-4.8499597423510465,"0,0,0,0"
5.85,667,AV,2,7,9,1225,-4.8499597423510465,"0,0,0,0"
4.033333333333333,152,AV,1,16,12,286,-4.8499597423510465,"0,0,0,0"
4.233333333333333,445,AV,2,0,61,822,-4.8499597423510465,"0,0,0,0"
6.033333333333333,564,AV,3,1,10,1039,-4.8499597423510465,"0,0,0,0"
4.466666666666667,149,AV,1,1,1,281,-4.8499597423510465,"0,0,0,0"
3.533333333333333,365,AV,1,7,4,688,-4.8499597423510465,"0,0,0,0"
5.2,893,AV,1,17,5,1545,-4.8499597423510465,"0,0,0,0"
5.7,894,AV,2,4,3,1546,-4.8499597423510465,"0,0,0,0"
7.916666666666667,785,AV,3,17,3,1401,-4.8499597423510465,"0,0,0,0"
8.083333333333334,636,AV,3,4,88,1164,-4.8499597423510465,"0,0,0,0"
5.466666666666667,698,AV,1,4,3,1273,-4.8499597423510465,"0,0,0,0"
4.55,885,AV,1,4,20,1531,-4.849959742351047,"0,0,0,0"
2.8833333333333333,396,AV,2,32,5,761,-4.8499597423510465,"0,0,0,0"
4.966666666666667,53,AV,0,17,5,119,-4.8499597423510465,"0,0,0,0"
5.033333333333333,286,AV,3,1,1,508,-4.8499597423510465,"0,0,0,0"
7.266666666666667,524,AV,3,4,5,957,-4.8499597423510465,"0,0,0,0"
4.116666666666666,802,AV,3,16,9,1416,-4.8499597423510465,"0,0,0,0"
5.8,69,AV,3,8,9,142,-4.8499597423510465,"0,0,0,0"
5.4,8,AV,1,4,3,17,-4.8499597423510465,"0,0,0,0"
4.7,270,AV,1,43,2,468,-4.8499597423510465,"0,0,0,0"
5.05,394,AV,2,70,3,752,-4.8499597423510465,"0,0,0,0"
4.25,279,AV,3,1,1,491,-4.8499597423510465,"0,0,0,0"
3.3666666666666667,1033,AV,1,0,3,1795,-4.8499597423510465,"0,0,0,0"
5.95,187,AV,0,11,3,336,-4.8499597423510465,"0,0,0,0"
6.75,1031,AV,3,17,108,1790,-4.8499597423510465,"0,0,0,0"
3.65,335,AV,0,53,52,616,-4.8499597423510465,"0,0,0,0"
1.9333333333333333,384,AV,2,64,1,729,-4.8499597423510465,"0,0,0,0"
4.916666666666667,440,AV,2,1,1,817,-4.8499597423510465,"0,0,0,0"
4.983333333333333,165,AV,0,16,30,305,-4.8499597423510465,"0,0,0,0"
2.4833333333333334,9,AV,0,5,2,25,-4.8499597423510465,"0,0,0,0"
3.816666666666667,675,AV,0,7,91,1235,-4.8499597423510465,"0,0,0,0"
6.3,1016,AV,2,4,3,1754,-4.8499597423510465,"0,0,0,0"
2.9833333333333334,587,AV,2,51,3,1071,-4.8499597423510465,"0,0,0,0"
4.383333333333334,236,AV,0,4,20,411,-4.8499597423510465,"0,0,0,0"
6.1,180,AV,2,8,9,329,-4.8499597423510465,"0,0,0,0"
5.35,521,AV,0,1,74,953,-4.8499597423510465,"0,0,0,0"
4.566666666666666,731,AV,1,11,3,1323,-4.8499597423510465,"0,0,0,0"
5.45,963,AV,1,1,1,1649,-4.849959742351047,"0,0,0,0"
4.416666666666667,307,AV,3,11,20,547,-4.8499597423510465,"0,0,0,0"
3.716666666666667,690,AV,0,0,92,1250,-4.8499597423510465,"0,0,0,0"
4.783333333333333,768,AV,1,11,20,1381,-4.849959742351047,"0,0,0,0"
6.116666666666666,918,AV,2,4,3,1586,-4.8499597423510465,"0,0,0,0"
5.25,486,AV,1,4,5,898,-4.8499597423510465,"0,0,0,0"
5.85,94,AV,3,4,3,188,-4.8499597423510465,"0,0,0,0"
6.2,552,AV,1,11,5,1007,-4.849959742351047,"0,0,0,0"
3.216666666666667,1028,AV,0,11,4,1780,-4.8499597423510465,"0,0,0,0"
2.316666666666667,52,AV,1,0,12,112,-4.8499597423510465,"0,0,0,0"
6.2,604,AV,1,1,10,1105,-4.8499597423510465,"0,0,0,0"
3.3,22,AV,1,11,4,60,-4.8499597423510465,"0,0,0,0"
4.266666666666667,634,AV,1,11,3,1158,-4.849959742351047,"0,0,0,0"
3.75,111,AV,2,26,3,221,-4.8499597423510465,"0,0,0,0"
3.6166666666666667,432,AV,1,0,3,805,-4.8499597423510465,"0,0,0,0"
2.1166666666666667,810,AV,0,7,100,1422,-4.8499597423510465,"0,0,0,0"
5.45,600,AV,3,11,3,1092,-4.8499597423510465,"0,0,0,0"
5.683333333333334,809,AV,2,11,20,1421,-4.8499597423510465,"0,0,0,0"
5.0,567,AV,3,1,1,1046,-4.8499597423510465,"0,0,0,0"
5.033333333333333,997,AV,1,0,2,1709,-4.8499597423510465,"0,0,0,0"
4.166666666666667,899,AV,1,57,20,1550,-4.8499597423510465,"0,0,0,0"
4.8,586,AV,3,7,1,1070,-4.8499597423510465,"0,0,0,0"
4.616666666666666,397,AV,2,17,5,767,-4.8499597423510465,"0,0,0,0"
4.75,166,AV,3,17,5,305,-4.8499597423510465,"0,0,0,0"
5.733333333333333,571,AV,1,4,5,1052,-4.8499597423510465,"0,0,0,0"
4.766666666666667,25,AV,2,11,3,72,-4.8499597423510465,"0,0,0,0"
3.0833333333333335,454,AV,0,8,65,856,-4.8499597423510465,"0,0,0,0"
7.233333333333333,241,AV,1,4,2,414,-4.8499597423510465,"0,0,0,0"
4.6,879,AV,3,11,20,1521,-4.8499597423510465,"0,0,0,0"
2.85,654,AV,2,98,9,1207,-4.8499597423510465,"0,0,0,0"
5.433333333333334,981,AV,3,0,2,1682,-4.8499597423510465,"0,0,0,0"
1.8166666666666667,513,AV,0,78,5,931,-4.8499597423510465,"0,0,0,0"
3.65,130,AV,0,17,22,245,-4.8499597423510465,"0,0,0,0"
1.8833333333333333,622,AV,2,93,2,1139,-4.8499597423510465,"0,0,0,0"
5.816666666666666,157,AV,1,4,29,292,-4.8499597423510465,"0,0,0,0"
3.5166666666666666,338,AV,0,11,20,634,-4.8499597423510465,"0,0,0,0"
1.7666666666666666,625,AV,0,16,87,1140,-4.8499597423510465,"0,0,0,0"
2.7333333333333334,849,AV,0,0,3,1474,-4.8499597423510465,"0,0,0,0"
6.633333333333334,579,AV,2,1,10,1062,-4.8499597423510465,"0,0,0,0"
3.1,755,AV,3,0,3,1361,-4.8499597423510465,"0,0,0,0"
4.166666666666667,118,AV,2,7,4,230,-4.8499597423510465,"0,0,0,0"
6.95,569,AV,3,1,10,1048,-4.8499597423510465,"0,0,0,0"
5.166666666666667,441,AV,3,17,5,818,-4.8499597423510465,"0,0,0,0"
3.966666666666667,488,AV,0,76,20,899,-4.8499597423510465,"0,0,0,0"
4.95,309,AV,0,11,5,549,-4.8499597423510465,"0,0,0,0"
4.95,480,AV,3,1,1,894,-4.8499597423510465,"0,0,0,0"
4.316666666666666,242,AV,0,42,20,418,-4.8499597423510465,"0,0,0,0"
6.566666666666666,114,AV,3,4,3,226,-4.8499597423510465,"0,0,0,0"
4.466666666666667,747,AV,2,4,20,1341,-4.849959742351047,"0,0,0,0"
4.616666666666666,927,AV,1,4,3,1596,-4.8499597423510465,"0,0,0,0"
2.5833333333333335,171,AV,0,0,3,317,-4.8499597423510465,"0,0,0,0"
3.45,781,AV,3,4,55,1393,-4.849959742351047,"0,0,0,0"
5.65,749,AV,2,4,20,1348,-4.849959742351047,"0,0,0,0"
2.0166666666666666,280,AV,0,47,20,495,-4.8499597423510465,"0,0,0,0"
6.283333333333333,512,AV,1,0,5,930,-4.8499597423510465,"0,0,0,0"
6.783333333333333,516,AV,2,1,73,938,-4.8499597423510465,"0,0,0,0"
7.133333333333334,952,AV,3,4,3,1621,-4.849959742351047,"0,0,0,0"
6.016666666666667,217,AV,3,11,40,380,-4.8499597423510465,"0,0,0,0"
3.216666666666667,337,AV,2,54,1,622,-4.8499597423510465,"0,0,0,0"
4.133333333333334,156,AV,2,8,9,292,-4.8499597423510465,"0,0,0,0"
6.333333333333333,215,AV,1,1,10,378,-4.8499597423510465,"0,0,0,0"
3.3,372,AV,3,7,9,696,-4.8499597423510465,"0,0,0,0"
1.65,290,AV,0,16,45,516,-4.8499597423510465,"0,0,0,0"
5.516666666666667,255,AV,3,17,5,450,-4.8499597423510465,"0,0,0,0"
7.383333333333334,901,AV,3,8,10,1557,-4.8499597423510465,"0,0,0,0"
5.05,226,AV,1,11,3,389,-4.8499597423510465,"0,0,0,0"
4.966666666666667,982,AV,1,8,2,1682,-4.8499597423510465,"0,0,0,0"
4.3,110,AV,0,4,20,221,-4.8499597423510465,"0,0,0,0"
5.833333333333333,264,AV,2,4,20,458,-4.8499597423510465,"0,0,0,0"
5.716666666666667,945,AV,0,11,3,1616,-4.8499597423510465,"0,0,0,0"
5.266666666666667,744,AV,1,4,20,1338,-4.8499597423510465,"0,0,0,0"
2.15,707,AV,2,16,3,1294,-4.8499597423510465,"0,0,0,0"
5.466666666666667,855,AV,1,109,20,1482,-4.8499597423510465,"0,0,0,0"
5.55,878,AV,2,4,20,1520,-4.8499597423510465,"0,0,0,0"
5.133333333333334,683,AV,0,7,10,1244,-4.8499597423510465,"0,0,0,0"
2.6666666666666665,859,AV,1,32,2,1489,-4.8499597423510465,"0,0,0,0"
3.6166666666666667,977,AV,2,53,3,1676,-4.8499597423510465,"0,0,0,0"
5.9,965,AV,3,21,9,1652,-4.8499597423510465,"0,0,0,0"
6.083333333333333,949,AV,3,11,3,1619,-4.8499597423510465,"0,0,0,0"
6.966666666666667,485,AV,3,0,5,897,-4.8499597423510465,"0,0,0,0"
3.15,956,AV,1,0,3,1626,-4.8499597423510465,"0,0,0,0"
5.533333333333333,475,AV,0,1,10,887,-4.8499597423510465,"0,0,0,0"
5.15,225,AV,3,11,20,387,-4.8499597423510465,"0,0,0,0"
4.5,671,AV,2,7,9,1230,-4.8499597423510465,"0,0,0,0"
5.8,93,AV,3,4,3,186,-4.8499597423510465,"0,0,0,0"
3.4166666666666665,719,AV,0,4,89,1310,-4.8499597423510465,"0,0,0,0"
5.466666666666667,681,AV,2,100,10,1243,-4.8499597423510465,"0,0,0,0"
3.6,975,AV,1,11,4,1671,-4.8499597423510465,"0,0,0,0"
5.3,456,AV,0,1,1,860,-4.8499597423510465,"0,0,0,0"
5.316666666666666,413,AV,0,1,4,782,-4.8499597423510465,"0,0,0,0"
5.75,910,AV,3,0,2,1574,-4.8499597423510465,"0,0,0,0"
4.133333333333334,78,AV,0,22,9,160,-4.8499597423510465,"0,0,0,0"
6.283333333333333,544,AV,1,11,5,1000,-4.8499597423510465,"0,0,0,0"
4.55,791,AV,0,8,9,1408,-4.8499597423510465,"0,0,0,0"
5.666666666666667,115,AV,0,7,10,226,-4.8499597423510465,"0,0,0,0"
3.3333333333333335,476,AV,0,8,68,889,-4.8499597423510465,"0,0,0,0"
3.95,718,AV,2,7,4,1309,-4.8499597423510465,"0,0,0,0"
5.9,708,AV,1,4,20,1298,-4.8499597423510465,"0,0,0,0"
5.583333333333333,49,AV,2,4,3,105,-4.8499597423510465,"0,0,0,0"
2.2666666666666666,82,AV,3,23,2,167,-4.8499597423510465,"0,0,0,0"
5.0,581,AV,0,1,1,1064,-4.8499597423510465,"0,0,0,0"
4.416666666666667,437,AV,2,1,1,815,-4.8499597423510465,"0,0,0,0"
5.516666666666667,124,AV,3,7,10,236,-4.8499597423510465,"0,0,0,0"
4.266666666666667,1023,AV,3,16,55,1772,-4.8499597423510465,"0,0,0,0"
5.516666666666667,147,AV,1,11,3,272,-4.8499597423510465,"0,0,0,0"
5.9,974,AV,2,121,105,1667,-4.8499597423510465,"0,0,0,0"
9.2,938,AV,0,117,3,1608,-4.8499597423510465,"0,0,0,0"
4.716666666666667,808,AV,3,7,9,1421,-4.8499597423510465,"0,0,0,0"
4.85,608,AV,1,17,5,1110,-4.8499597423510465,"0,0,0,0"
4.066666666666666,734,AV,0,7,9,1326,-4.8499597423510465,"0,0,0,0"
5.583333333333333,919,AV,0,42,9,1589,-4.8499597423510465,"0,0,0,0"
5.4,881,AV,1,11,20,1523,-4.8499597423510465,"0,0,0,0"
5.283333333333333,57,AV,1,1,1,129,-4.8499597423510465,"0,0,0,0"
2.6166666666666667,715,AV,1,16,18,1307,-4.8499597423510465,"0,0,0,0"
5.5,908,AV,0,4,3,1564,-4.8499597423510465,"0,0,0,0"
3.55,294,AV,2,7,4,522,-4.8499597423510465,"0,0,0,0"
6.983333333333333,510,AV,0,0,72,923,-4.8499597423510465,"0,0,0,0"
5.183333333333334,978,AV,2,4,3,1677,-4.8499597423510465,"0,0,0,0"
6.65,764,AV,1,8,97,1380,-4.8499597423510465,"0,0,0,0"
4.983333333333333,812,AV,1,16,4,1425,-4.8499597423510465,"0,0,0,0"
2.75,239,AV,3,40,20,413,-4.8499597423510465,"0,0,0,0"
5.2,91,AV,3,0,2,181,-4.8499597423510465,"0,0,0,0"
5.633333333333334,726,AV,0,11,2,1317,-4.8499597423510465,"0,0,0,0"
2.933333333333333,173,AV,1,0,3,320,-4.8499597423510465,"0,0,0,0"
7.033333333333333,553,AV,2,0,2,1007,-4.8499597423510465,"0,0,0,0"
5.85,142,AV,2,4,3,267,-4.8499597423510465,"0,0,0,0"
5.083333333333333,826,AV,2,11,2,1442,-4.8499597423510465,"0,0,0,0"
7.25,277,AV,2,16,10,484,-4.8499597423510465,"0,0,0,0"
5.733333333333333,54,AV,3,7,10,125,-4.849959742351047,"0,0,0,0"
6.283333333333333,390,AV,0,4,5,741,-4.8499597423510465,"0,0,0,0"
4.533333333333333,713,AV,2,7,10,1304,-4.8499597423510465,"0,0,0,0"
3.65,716,AV,1,7,9,1307,-4.8499597423510465,"0,0,0,0"
7.15,861,AV,3,7,10,1491,-4.8499597423510465,"0,0,0,0"
6.533333333333333,860,AV,2,0,2,1490,-4.8499597423510465,"0,0,0,0"
6.516666666666667,1011,AV,2,4,3,1745,-4.8499597423510465,"0,0,0,0"
5.9,257,AV,3,1,42,450,-4.8499597423510465,"0,0,0,0"
4.483333333333333,595,AV,3,4,3,1085,-4.8499597423510465,"0,0,0,0"
1.5666666666666667,610,AV,0,91,1,1117,-4.8499597423510465,"0,0,0,0"
2.033333333333333,451,AV,1,64,64,851,-4.849959742351047,"0,0,0,0"
2.65,631,AV,3,0,12,1158,-4.8499597423510465,"0,0,0,0"
5.4,669,AV,0,7,10,1226,-4.8499597423510465,"0,0,0,0"
4.833333333333333,556,AV,0,0,2,1011,-4.8499597423510465,"0,0,0,0"
4.516666666666667,1004,AV,2,1,1,1720,-4.8499597423510465,"0,0,0,0"
4.366666666666666,77,AV,0,21,17,158,-4.8499597423510465,"0,0,0,0"
6.666666666666667,549,AV,0,1,10,1004,-4.8499597423510465,"0,0,0,0"
6.966666666666667,105,AV,2,4,3,204,-4.8499597423510465,"0,0,0,0"
4.316666666666666,542,AV,3,11,4,999,-4.8499597423510465,"0,0,0,0"
5.316666666666666,164,AV,3,11,3,301,-4.849959742351047,"0,0,0,0"
5.083333333333333,941,AV,2,11,20,1611,-4.8499597423510465,"0,0,0,0"
3.933333333333333,641,AV,1,53,9,1173,-4.8499597423510465,"0,0,0,0"
7.1,460,AV,2,74,10,862,-4.849959742351047,"0,0,0,0"
8.033333333333333,0,Human,0,0,0,5,-8.033333333333333,"-8.05206966823267,-8.07356317314185,-8.18427702938096,-8.250995539580146"
4.216666666666667,1,Human,1,1,1,5,-4.216666666666667,"-4.321755559771622,-4.232422274843811,-4.254041508424198,-4.339901253421337"
0.6333333333333333,2,Human,0,2,2,11,-0.6333333333333333,"-0.6333333333343264,-1.310544909108352,-3.4010860355661343,-6.968603352067967"
3.15,3,Human,3,0,3,11,-3.15,"-3.1427474006024787,-3.1997986741691897,-3.162894964560227,-3.133333333334032"
3.1,4,Human,0,3,3,11,-3.1,"-3.091957450579022,-3.1117746792191143,-3.1137469179050523,-3.1792129573269197"
5.416666666666667,5,Human,1,4,3,12,-5.416666666666667,"-5.469811105532409,-5.441734762351586,-5.476048349042819,-5.458835118150308"
5.266666666666667,7,Human,1,4,3,15,-5.266666666666667,"-5.3294510321277215,-5.2837333839824305,-5.317820554446071,-5.33539504053652"
5.2,10,Human,1,4,3,26,-5.2,"-5.247560275032898,-5.114032635916674,-5.22186669039092,-5.242523798838313"
5.183333333333334,11,Human,1,4,3,28,-5.183333333333334,"-5.217458662173625,-5.203937482155689,-5.217579287724253,-5.233509255214558"
2.8833333333333333,12,Human,3,0,3,30,-2.8833333333333333,"-2.8829376143119334,-2.9917063985250394,-3.005779227656692,-2.8752907839123214"
4.566666666666666,13,Human,0,6,5,31,-4.566666666666666,"-4.5670388033528075,-4.678936501079914,-4.719364025560223,-4.821612191024719"
4.266666666666667,14,Human,1,1,1,33,-4.266666666666667,"-4.2648823301657375,-4.239757038877859,-4.260548598399116,-4.260904243720099"
5.05,15,Human,1,4,3,37,-5.05,"-5.16586332771703,-4.9988574529691,-5.087488796336434,-5.046799369018197"
0.85,16,Human,0,7,6,39,-0.85,"-0.8500000000017609,-1.050407967362611,-1.9828099562359145,-1.7689318636021725"
1.7,17,Human,0,8,7,55,-1.7,"-1.7086229661355354,-1.8480205980160243,-1.7557796302106157,-2.4700871133190496"
1.9166666666666667,18,Human,0,9,8,56,-1.9166666666666667,"-1.9086229696856465,-2.2914863789314124,-1.9407669544709805,-2.0308617727847964"
4.133333333333334,19,Human,0,8,9,57,-4.133333333333334,"-4.116666669981887,-4.169875490668896,-4.378060892135113,-4.1584691623387675"
4.65,20,Human,1,4,3,57,-4.65,"-4.679773328840292,-4.627976259193089,-4.650592637069146,-4.704189361881224"
2.783333333333333,21,Human,0,10,5,58,-2.783333333333333,"-2.7833332399334942,-2.9592442633842597,-2.94573291617583,-2.9023907936104614"
4.1,23,Human,0,7,9,61,-4.1,"-4.102853135897415,-4.120163743116872,-4.10867141471758,-4.246677414274059"
4.183333333333334,24,Human,1,12,10,69,-4.183333333333334,"-4.500514915620315,-4.187213717151826,-4.549517284698323,-4.447940397169463"
4.366666666666666,27,Human,1,11,3,73,-4.366666666666666,"-4.479044418253868,-4.392124521205531,-4.4717983236468095,-4.640728738583123"
4.3,28,Human,1,11,3,75,-4.3,"-4.3767958546030945,-4.317614255872069,-4.3833429710405,-4.367626397456981"
3.933333333333333,29,Human,2,11,2,77,-3.933333333333333,"-4.424393411087114,-4.382199569109303,-3.9207770552865306,-4.384131548728924"
4.4,33,Human,1,4,3,81,-4.4,"-4.451862492979622,-4.345481985330783,-4.4214994630031,-4.417563350946999"
3.433333333333333,34,Human,2,13,4,82,-3.433333333333333,"-3.4694152671003606,-3.4475044227626253,-3.4015338537931097,-3.5103755025984476"
2.2666666666666666,35,Human,0,14,3,82,-2.2666666666666666,"-2.2869799019685124,-2.328448233188094,-2.332930220034999,-2.5031429159136662"
5.116666666666666,37,Human,1,0,2,82,-5.116666666666666,"-5.331465961198847,-5.110275676671534,-5.260357477285773,-5.203057497868153"
4.316666666666666,38,Human,1,4,3,83,-4.316666666666666,"-4.314076661050365,-4.289958695894857,-4.398467662087208,-4.309357347424267"
4.283333333333333,39,Human,1,4,3,86,-4.283333333333333,"-4.395595826312955,-4.346056206087401,-4.455951244275676,-4.455963350946998"
1.95,40,Human,3,0,3,88,-1.95,"-2.2293827327770614,-2.2557912476953743,-2.2777800432135815,-1.9499993992722033"
4.25,41,Human,1,11,3,89,-4.25,"-4.587563570188335,-4.327150123399109,-4.384076547364806,-4.3579553207027955"
4.266666666666667,42,Human,1,11,3,91,-4.266666666666667,"-4.353721129402086,-4.286317730152711,-4.37980988069814,-4.460621987369462"
6.533333333333333,43,Human,0,11,2,92,-6.533333333333333,"-6.5357575090229965,-6.606490620620777,-6.5394530266211,-6.546917601139838"
4.016666666666667,44,Human,1,4,3,93,-4.016666666666667,"-4.334529159646289,-4.123747158698165,-4.242617910942343,-4.144744014090933"
5.75,46,Human,3,11,13,96,-5.75,"-5.811268334739276,-5.847262872913998,-5.811411494614466,-5.779407837272091"
1.1333333333333333,47,Human,0,15,1,101,-1.1333333333333333,"-1.1492662747447935,-1.2948750559031437,-2.5921691175285866,-1.3116600672562104"
2.7333333333333334,48,Human,0,4,4,101,-2.7333333333333334,"-2.6949207510090303,-2.964300471775474,-2.700875121793887,-3.2688782892044896"
0.95,50,Human,0,16,5,106,-0.95,"-0.9580420028939989,-1.694644092338159,-1.0860939048045422,-1.2390377173187488"
5.216666666666667,51,Human,1,4,3,109,-5.216666666666667,"-5.293759093947511,-5.2678512321430215,-5.287191570596857,-5.287949627530574"
3.75,56,Human,3,7,4,128,-3.75,"-3.7663067205569636,-3.7671925682632494,-3.7731896529792834,-3.7586513211682995"
5.25,59,Human,1,1,1,132,-5.25,"-4.691927762438288,-3.968676994637726,-4.6635383591786805,-4.693957397707448"
4.9,60,Human,1,4,3,133,-4.9,"-5.002343995506958,-4.923534211395886,-5.0123954630031,-4.950692828547891"
0.6666666666666666,62,Human,0,16,5,135,-0.6666666666666666,"-0.6666612606733381,-1.694644092338159,-1.0860939048045422,-1.2390377173187488"
4.333333333333333,63,Human,0,7,10,136,-4.333333333333333,"-4.398765162082464,-4.491111645062645,-4.604536365102268,-4.5827684013095515"
2.8333333333333335,66,Human,0,19,12,140,-2.8333333333333335,"-2.838861395525523,-2.9620734108474203,-2.8430454189137144,-2.9511162279742713"
2.8333333333333335,67,Human,0,20,3,141,-2.8333333333333335,"-2.8589249454851307,-2.8660201880743124,-3.2416528477481705,-2.9602751539780776"
3.6,68,Human,1,7,4,141,-3.6,"-3.604567906930601,-3.602767194742662,-3.6111981584519977,-3.604428754736931"
0.7666666666666667,70,Human,0,13,14,149,-0.7666666666666667,"-0.7500000000013508,-1.550674985616997,-1.550975105665016,-1.713744489876584"
2.35,72,Human,1,8,15,150,-2.35,"-2.5953305488782097,-2.4917895946034885,-2.6697545195183907,-2.5378338868573613"
4.516666666666667,74,Human,1,4,3,154,-4.516666666666667,"-4.625089994383697,-4.551442369373946,-4.633280796336433,-4.609651211272746"
4.916666666666667,75,Human,2,13,4,154,-4.916666666666667,"-4.941638027483107,-4.934765630666267,-4.918700615333002,-4.938931361547279"
4.483333333333333,76,Human,1,4,3,155,-4.483333333333333,"-4.564254930457787,-4.499362590923653,-4.559750571549484,-4.553204244226551"
5.95,80,Human,1,11,3,164,-5.95,"-6.030344189484001,-5.95734544283241,-6.09623032364681,-6.037470071916456"
4.383333333333334,81,Human,1,11,3,166,-4.383333333333334,"-4.5087921894840015,-4.273733544494252,-4.459648251040501,-4.447350948821226"
4.316666666666666,84,Human,1,11,3,171,-4.316666666666666,"-5.639761340545981,-5.170214545398521,-5.662950373908737,-5.687101927745246"
5.666666666666667,85,Human,0,11,3,172,-5.666666666666667,"-4.6558916211236925,-5.113731775999406,-5.215845994965734,-5.211462735487892"
2.8333333333333335,86,Human,1,11,4,176,-2.8333333333333335,"-2.839627275797114,-2.8339955527455483,-3.0309723489597804,-2.852575721068645"
5.6,88,Human,1,11,3,179,-5.6,"-5.5620710186121025,-4.205565156323927,-5.530999223765734,-5.493197430028108"
4.116666666666666,89,Human,1,4,3,181,-4.116666666666666,"-4.3793291596462876,-4.170284216680458,-4.438351244275676,-4.308230017613666"
4.166666666666667,90,Human,1,11,3,181,-4.166666666666667,"-5.229858681269761,-4.77134936977971,-5.221042127133959,-5.286145060821226"
3.9833333333333334,92,Human,1,4,3,183,-3.9833333333333334,"-4.1351957297389,-4.101747148475373,-4.167958129669767,-4.240477877939414"
5.533333333333333,96,Human,1,4,3,189,-5.533333333333333,"-5.597933328840292,-5.520154578195892,-5.5858541629886505,-5.590515142936521"
5.416666666666667,97,Human,1,4,3,191,-5.416666666666667,"-5.554173011032898,-5.478192744456461,-5.6023154630031,-5.585757877939414"
5.433333333333334,98,Human,1,4,3,192,-5.433333333333334,"-5.535450663072234,-5.443500185682538,-5.5192468029886514,-5.52390009750498"
5.883333333333334,99,Human,1,1,1,194,-5.883333333333334,"-5.895619772409589,-5.895607138122418,-5.898691653390298,-5.8959502782900834"
5.383333333333334,100,Human,1,11,3,195,-5.383333333333334,"-5.432879403479314,-5.35176860852655,-5.411397967133959,-5.367752042256983"
5.2,107,Human,1,4,3,212,-5.2,"-5.288423327717031,-5.201461215698087,-5.271400995420541,-5.467277877939414"
5.516666666666667,119,Human,0,7,10,231,-5.516666666666667,"-5.309754376345984,-5.455608064016423,-5.484629740135348,-5.475752370943774"
3.6333333333333333,120,Human,3,7,4,233,-3.6333333333333333,"-3.8204439129556738,-3.8207172100553297,-3.8188533413486665,-3.789741354939493"
4.833333333333333,121,Human,1,4,3,233,-4.833333333333333,"-5.727655463072233,-4.989383277264669,-5.726624796336433,-5.6653472112727465"
5.416666666666667,122,Human,0,7,10,234,-5.416666666666667,"-4.712017964236774,-5.31343039080097,-5.321271006591223,-5.314757581211557"
4.2,123,Human,0,0,21,235,-4.2,"-4.195306398363275,-4.329007335486556,-4.200426764951238,-4.482879538834112"
2.3,126,Human,0,8,21,238,-2.3,"-2.2924796783874672,-2.399388238331762,-2.371028064536571,-2.3349944297373373"
5.616666666666666,127,Human,0,27,2,240,-5.616666666666666,"-5.41941253182281,-5.777747964592383,-5.6287856578088125,-5.739669087211631"
4.116666666666666,129,Human,0,4,20,245,-4.116666666666666,"-4.189577564294683,-4.6648916513585235,-4.664539390611132,-4.935397056693259"
5.65,133,Human,2,16,9,248,-5.65,"-4.4145358884698,-4.215111048122633,-4.148710758054264,-4.150239929090986"
3.45,134,Human,1,11,3,249,-3.45,"-4.397849751587202,-3.8299333954332457,-4.362162340467292,-4.3878025754878935"
5.883333333333334,135,Human,1,4,3,258,-5.883333333333334,"-6.2499253297388995,-5.962663525629327,-6.280425170402481,-6.132886835684863"
5.75,136,Human,1,11,3,260,-5.75,"-5.764576225015809,-5.032832897030448,-5.762104527133959,-5.661012816656981"
3.45,137,Human,0,28,9,261,-3.45,"-3.439214295490051,-3.4573680002198035,-3.44859506612021,-3.623080051009091"
1.6666666666666667,138,Human,1,0,23,262,-1.6666666666666667,"-1.8439558937521485,-1.6849631974208248,-1.8510823057292072,-1.9343259589160753"
1.3666666666666667,139,Human,0,29,3,264,-1.3666666666666667,"-1.4239940332202148,-1.5285910764593815,-1.5861685333600686,-1.4952748702072622"
1.8166666666666667,143,Human,0,30,25,268,-1.8166666666666667,"-1.8493853382585974,-1.975467952963763,-1.9729870890328776,-1.9616395296376292"
5.9,144,Human,3,4,3,269,-5.9,"-5.174948449126176,-5.221872570359933,-5.449787303735813,-4.493877367619254"
4.233333333333333,145,Human,1,11,3,269,-4.233333333333333,"-5.515230021079315,-4.6893549001927015,-5.481569104373834,-5.46587555634486"
7.0,148,Human,0,4,16,280,-7.0,"-6.984938297840044,-7.056781164261411,-7.016442173957239,-7.055188978437592"
4.033333333333333,150,Human,1,11,3,283,-4.033333333333333,"-4.356521129402085,-4.167359420075541,-4.571634571225179,-4.564230923228903"
4.05,151,Human,1,11,3,285,-4.05,"-5.262591054603095,-4.777515060778593,-5.194194553800626,-5.255617615487893"
4.133333333333334,154,Human,0,11,28,289,-4.133333333333334,"-4.408726077986932,-4.709438484796367,-4.635740061784253,-4.7419678116891095"
4.766666666666667,155,Human,3,16,9,289,-4.766666666666667,"-4.797381056471338,-4.901177204131819,-4.787001716622115,-4.779220303892442"
0.8833333333333333,158,Human,0,31,2,293,-0.8833333333333333,"-0.9000078276867405,-1.4011332970913348,-1.7062506211988038,-1.9857952828359569"
5.35,159,Human,1,4,3,293,-5.35,"-5.558823995506959,-5.369557678767935,-5.581462129669766,-5.6353860356848635"
5.35,160,Human,1,4,3,295,-5.35,"-5.578061328840292,-5.378117348709952,-5.444040995420542,-5.533283211272747"
5.2,162,Human,1,4,3,298,-5.2,"-5.328969596405567,-5.208479246427079,-5.311640995420541,-5.289245877939413"
3.783333333333333,163,Human,1,11,3,299,-3.783333333333333,"-4.907917774603094,-4.415884634723264,-4.870527780467292,-4.937499258154559"
4.45,167,Human,3,32,9,306,-4.45,"-4.484074297400963,-4.575899250453564,-4.47185552625658,-4.461780578696333"
1.5833333333333333,168,Human,0,33,9,307,-1.5833333333333333,"-1.5809804495542978,-1.6159586463179365,-1.844815805203226,-1.7171344573708183"
4.55,169,Human,3,4,31,308,-4.55,"-4.704495348317229,-4.719310828794097,-5.063572269049942,-4.5713924038758185"
2.533333333333333,170,Human,0,0,3,315,-2.533333333333333,"-2.5850226220643164,-2.6112996648229663,-2.638890701237532,-2.6015072693813686"
2.8,174,Human,2,8,32,323,-2.8,"-2.849887639963113,-2.839438197516468,-2.816992262050029,-3.0358718417705455"
7.683333333333334,175,Human,1,4,33,323,-7.683333333333334,"-7.709903184545219,-7.687138206035201,-7.697496266746142,-7.703010489350571"
11.4,176,Human,0,0,16,324,-11.4,"-11.402502643335197,-11.974760379201237,-11.408232674229218,-11.66408578822485"
1.7166666666666666,177,Human,1,4,34,324,-1.7166666666666666,"-1.7743117983793313,-1.7717865287850973,-1.788354549248786,-1.9104817653089383"
4.216666666666667,181,Human,0,8,9,330,-4.216666666666667,"-4.2140956456172365,-4.330753696669453,-4.36987611516889,-4.468618399487658"
4.366666666666666,182,Human,1,16,10,331,-4.366666666666666,"-5.281713134084202,-4.968028150807774,-5.311142219700028,-5.239542994236981"
7.5,183,Human,3,17,3,332,-7.5,"-7.802780726659187,-7.649217356436264,-7.512538725571606,-7.5062833620485705"
4.616666666666666,184,Human,1,11,3,335,-4.616666666666666,"-4.800736903521669,-4.674860849900979,-4.838167904558512,-4.767084256562237"
2.5166666666666666,186,Human,1,21,35,335,-2.5166666666666666,"-2.595758856095233,-2.5482706659033214,-2.6346961477175466,-2.6075745723233865"
4.066666666666666,188,Human,3,16,9,337,-4.066666666666666,"-4.23608982145947,-4.422791048122633,-4.095671489734826,-4.0418482742487205"
5.683333333333334,189,Human,1,16,10,338,-5.683333333333334,"-6.136688084271919,-5.51022513753306,-6.031888886366695,-6.300412595161949"
3.8,190,Human,3,1,1,339,-3.8,"-4.421777004617297,-4.384424284444473,-4.383072050054264,-3.8329977898970435"
8.116666666666667,191,Human,1,17,36,340,-8.116666666666667,"-8.541819298587496,-8.137379816896651,-8.467856946757212,-8.447245075476431"
4.483333333333333,192,Human,1,11,3,340,-4.483333333333333,"-4.519472151587201,-4.486633622060641,-4.722347656980144,-4.531611257533166"
3.0833333333333335,193,Human,0,11,4,342,-3.0833333333333335,"-3.085299706570406,-3.0883035383136903,-3.12297234895978,-3.3159272435215823"
5.65,194,Human,3,1,10,343,-5.65,"-5.629437417243766,-5.633103482334049,-5.633024712398099,-5.576326648905782"
3.716666666666667,195,Human,1,1,1,346,-3.716666666666667,"-3.938990823943309,-3.788325868630188,-4.034756361289254,-3.9582231415766005"
4.333333333333333,196,Human,1,11,3,347,-4.333333333333333,"-4.657483570188335,-4.34421260367124,-4.545607904558512,-4.447416738583123"
5.466666666666667,197,Human,0,0,2,347,-5.466666666666667,"-6.0265523070576235,-6.372393716788309,-6.3685122270926255,-6.442776111036495"
3.55,198,Human,1,13,37,348,-3.55,"-3.562476865146829,-3.5200877258511776,-3.8610859197530707,-3.7357494702992793"
4.233333333333333,201,Human,1,11,3,353,-4.233333333333333,"-4.5329211294020855,-4.3578083646869405,-4.675554571225178,-4.642021806026532"
4.05,202,Human,0,4,20,354,-4.05,"-4.139824125569127,-5.190178938581026,-5.19277499660921,-5.171392437109192"
5.083333333333333,204,Human,0,4,20,356,-5.083333333333333,"-5.023886224558804,-5.1544930065596155,-5.09983146449656,-5.186632475533239"
5.15,205,Human,0,4,20,357,-5.15,"-5.001955884059094,-5.339799205247693,-5.234486663954035,-5.18849254638649"
5.15,206,Human,0,4,20,359,-5.15,"-5.184863029281759,-5.323314938581026,-5.2586466639540355,-5.277764703775858"
3.183333333333333,207,Human,1,4,38,362,-3.183333333333333,"-3.217675844387096,-3.1714673511260507,-3.4851333311284263,-3.246952674229324"
4.2,208,Human,1,11,3,366,-4.2,"-4.521056903521669,-4.220647916795029,-4.5568345712251785,-4.673267405249789"
4.833333333333333,209,Human,0,4,20,368,-4.833333333333333,"-4.990317686513072,-5.131042924866186,-5.174614663954035,-5.083596546386489"
3.1,210,Human,2,35,3,370,-3.1,"-3.1005723928480458,-3.1025695223103917,-3.0938137363338494,-3.0999488075131603"
4.033333333333333,211,Human,1,11,3,374,-4.033333333333333,"-4.103151411752606,-4.0468471880351675,-4.222076547364806,-4.1508886540361285"
3.35,212,Human,0,36,20,375,-3.35,"-3.297821381560988,-3.391797629525372,-3.7378780101297373,-3.5865464454592333"
4.716666666666667,213,Human,1,0,39,376,-4.716666666666667,"-5.043760570637399,-4.436029003091166,-5.050774636161281,-4.84076030124446"
6.133333333333334,214,Human,1,16,10,377,-6.133333333333334,"-6.497104575418908,-6.080855480222931,-6.51381562273347,-6.598655270978336"
4.833333333333333,218,Human,0,8,9,381,-4.833333333333333,"-4.837854255051134,-5.137420766604242,-5.132582424085209,-5.305201527204347"
4.4,220,Human,1,1,1,382,-4.4,"-4.1864500417390715,-4.16315375476542,-4.17293934131882,-4.172872454118756"
2.05,221,Human,3,37,41,383,-2.05,"-2.07452029132464,-2.096838983185082,-2.0970362255317467,-2.0657565457906837"
6.466666666666667,222,Human,0,8,9,383,-6.466666666666667,"-6.468562436452848,-6.624822690668897,-6.659467380374758,-6.617388586256794"
5.216666666666667,223,Human,1,11,3,384,-5.216666666666667,"-5.216100534349142,-5.179549259241137,-5.19464632364681,-5.214379684821226"
5.15,224,Human,1,11,3,386,-5.15,"-4.8109865746030955,-4.347037806279404,-4.859353593800625,-4.829597390866498"
4.833333333333333,227,Human,0,38,10,390,-4.833333333333333,"-4.646407215191072,-4.902534156696255,-4.81564818321384,-5.02337395182165"
4.466666666666667,228,Human,0,4,20,395,-4.466666666666667,"-4.421192521913731,-4.7626903398929485,-4.636614996609209,-4.713682349649778"
0.6166666666666667,229,Human,0,16,5,396,-0.6166666666666667,"-0.6121716119148105,-1.694644092338159,-1.0860939048045422,-1.2390377173187488"
4.95,231,Human,1,11,3,399,-4.95,"-4.97630550501581,-4.928845052923529,-4.988774180467292,-4.957026266125585"
4.55,232,Human,0,4,20,399,-4.55,"-4.593034138603715,-4.787671673226282,-4.702428329942544,-4.881479213053156"
4.5,233,Human,0,4,20,400,-4.5,"-4.594846194513391,-4.842967205247693,-4.822182397829894,-4.780648456354021"
4.366666666666666,235,Human,0,4,20,403,-4.366666666666666,"-4.3779812710999355,-4.641122924866186,-4.6439483299425435,-4.72782054638649"
2.966666666666667,238,Human,0,39,9,413,-2.966666666666667,"-2.9771830865178552,-3.1159829617470605,-3.0780171773244938,-3.0578528851425375"
4.15,240,Human,0,41,2,414,-4.15,"-4.144857618531035,-4.2989991270691155,-4.1870364056155065,-4.262694865476789"
4.583333333333333,243,Human,1,11,3,419,-4.583333333333333,"-4.532456320812647,-4.4224469326602485,-4.5503305432324,-4.540501166026533"
2.0166666666666666,244,Human,3,4,10,423,-2.0166666666666666,"-2.0041696403439886,-1.9422063453743188,-2.0082788785584462,-1.8988171491972348"
6.033333333333333,245,Human,0,4,20,423,-6.033333333333333,"-5.369308130634777,-5.567730339892949,-5.757327997829895,-5.749933576354021"
5.266666666666667,246,Human,1,16,10,424,-5.266666666666667,"-4.869669419147224,-4.284521961950359,-5.028294441291702,-4.921639261828614"
2.8833333333333333,248,Human,0,43,20,429,-2.8833333333333333,"-2.876205363324197,-3.7118934952411493,-3.670603236420847,-3.6782258956697156"
2.816666666666667,249,Human,0,11,20,429,-2.816666666666667,"-3.5944084110268206,-3.851728959171862,-3.796227382183975,-3.7669949068180193"
5.133333333333334,250,Human,1,16,10,434,-5.133333333333334,"-5.40997852532089,-4.852665970956347,-5.803894441291702,-5.46989807612956"
3.6333333333333333,252,Human,0,11,20,438,-3.6333333333333333,"-3.6809415475178247,-3.893462292505195,-3.8486273821839747,-3.898102592121082"
4.5,253,Human,1,1,1,446,-4.5,"-4.732181756381194,-4.499604391599986,-4.519612581950595,-4.548558044264538"
4.683333333333334,254,Human,3,1,1,448,-4.683333333333334,"-4.743026769714527,-4.862797372780099,-4.727449366976745,-4.6847463323623515"
3.75,256,Human,0,11,20,450,-3.75,"-3.8765957504253596,-4.148983167337489,-4.153694048850642,-4.074315925454417"
2.783333333333333,258,Human,1,11,4,451,-2.783333333333333,"-3.8690422070097554,-2.776642053017935,-3.8791271760007406,-3.8218768869464403"
4.8,259,Human,3,1,1,452,-4.8,"-5.188335940559434,-5.24829927111114,-5.148865293002102,-4.7443588348526875"
1.35,260,Human,0,31,2,453,-1.35,"-1.3430284683852247,-1.4011332970913348,-1.7062506211988038,-1.9857952828359569"
4.816666666666666,262,Human,3,1,1,455,-4.816666666666666,"-5.59714162713137,-5.600438933003391,-5.560857238588094,-4.877330858670737"
6.35,265,Human,2,4,5,459,-6.35,"-6.357680101932693,-6.376602293790457,-6.318839000595,-6.380127842811263"
3.283333333333333,266,Human,0,44,20,462,-3.283333333333333,"-3.3309603764540543,-3.526114716408897,-3.5249334771296006,-3.5410318556842464"
4.3,269,Human,0,21,43,465,-4.3,"-4.3069090199973905,-4.3362145853191905,-4.351230885436525,-4.355470729078093"
1.0666666666666667,271,Human,1,45,10,474,-1.0666666666666667,"-1.2608605176652377,-1.0727531055953468,-1.1276765711912289,-1.117757798536425"
3.9,272,Human,0,11,4,474,-3.9,"-3.836685524255457,-3.8966456393357483,-4.082115636667593,-3.8959294193293346"
5.066666666666666,273,Human,3,16,9,481,-5.066666666666666,"-5.284578943491004,-5.490017714789301,-5.326895190615142,-5.071740658180399"
6.15,274,Human,1,4,5,481,-6.15,"-6.11089978121343,-6.105363190279271,-6.244997197979102,-6.127434475719585"
1.25,275,Human,0,2,2,482,-1.25,"-1.24839606567381,-1.310544909108352,-3.4010860355661343,-6.968603352067967"
2.716666666666667,278,Human,0,46,3,487,-2.716666666666667,"-2.7015515651643764,-2.7233365818609663,-2.7366984360180764,-2.7781141876477013"
5.2,281,Human,3,1,1,495,-5.2,"-5.261887621186352,-5.243061114975266,-5.247321813583285,-4.905862815628585"
4.783333333333333,283,Human,0,4,20,500,-4.783333333333333,"-4.053974442136807,-4.2518162581995185,-4.3732066639540355,-4.245602349649778"
1.3,284,Human,0,48,3,504,-1.3,"-1.3003999666332802,-1.3469472742300663,-1.9859290008299937,-1.3189111440112404"
2.433333333333333,285,Human,0,49,3,507,-2.433333333333333,"-2.4316981975777447,-2.4359198848090395,-2.453613240451606,-2.497928533544448"
3.75,287,Human,1,21,4,512,-3.75,"-3.8735686276584076,-3.7051727697542596,-3.7221044149841367,-3.914305831003388"
4.566666666666666,288,Human,1,50,12,515,-4.566666666666666,"-4.555055395823937,-4.537192244224826,-4.611190360491541,-4.601463446310525"
2.316666666666667,289,Human,0,22,20,515,-2.316666666666667,"-2.363107404799352,-2.569370716753224,-2.650920656815642,-2.580964294717167"
4.183333333333334,291,Human,1,16,10,517,-4.183333333333334,"-5.301488084271918,-4.26567371024648,-5.245534718281294,-5.168749077285768"
3.1,292,Human,1,7,1,521,-3.1,"-3.1598597573996714,-3.0862137675288337,-3.414627441145843,-3.382987014106191"
2.0166666666666666,293,Human,0,16,46,521,-2.0166666666666666,"-1.994506460685032,-2.079976231817421,-2.147605618074444,-2.0424836889399387"
2.5833333333333335,295,Human,0,11,20,524,-2.5833333333333335,"-2.6779202308370804,-2.9744706233825418,-3.042855284662461,-2.935721208569821"
5.25,296,Human,2,4,5,524,-5.25,"-5.285426952506282,-5.289977569210551,-5.216251946326338,-5.294009268789812"
4.116666666666666,298,Human,0,11,47,528,-4.116666666666666,"-4.052907546969811,-4.2776102869841965,-4.34560114090969,-4.115977421086889"
5.166666666666667,299,Human,1,11,5,529,-5.166666666666667,"-5.149465700496132,-5.115917485755915,-5.15444031474977,-5.1538144714878795"
2.0,300,Human,0,51,20,531,-2.0,"-2.0385646771958643,-2.1845635653829567,-2.2392738699511487,-2.258189637842178"
4.083333333333333,301,Human,0,4,20,533,-4.083333333333333,"-3.6239703202226,-3.9965095915328526,-4.037654996609209,-4.005069016316446"
5.233333333333333,302,Human,0,4,5,534,-5.233333333333333,"-5.235609189844274,-5.264608563904351,-5.327899592545989,-5.260488004763954"
5.316666666666666,303,Human,0,4,5,536,-5.316666666666666,"-5.302983003859433,-5.329586096200989,-5.500033284784081,-5.330836602854331"
4.2,304,Human,0,11,20,537,-4.2,"-3.596868154460915,-4.032716500670823,-4.025596191264411,-4.035980740363533"
3.9166666666666665,305,Human,0,17,5,541,-3.9166666666666665,"-3.886226317920023,-3.972816494776457,-3.9791301016879035,-4.00823778265806"
4.116666666666666,306,Human,0,11,20,546,-4.116666666666666,"-3.7365978730223124,-3.961462292505195,-4.0316940488506425,-4.040369258787749"
4.716666666666667,308,Human,0,17,5,548,-4.716666666666667,"-4.689502518683899,-4.809874034341684,-4.811719175721094,-4.740924062443409"
6.483333333333333,310,Human,1,11,5,551,-6.483333333333333,"-6.389212000942017,-6.354934591130104,-6.4087124214214,-6.4149292495912205"
6.5,311,Human,1,4,5,552,-6.5,"-6.463036067772809,-6.458579044246623,-6.627518747723926,-6.458848522916483"
2.3333333333333335,312,Human,3,52,20,555,-2.3333333333333335,"-2.5137930005303026,-2.4870398947692394,-2.500044182026391,-2.445532472106538"
4.816666666666666,313,Human,1,0,2,562,-4.816666666666666,"-5.208667118165225,-4.691293410777659,-5.213663041170316,-5.3646881656685235"
2.8666666666666667,315,Human,0,0,3,564,-2.8666666666666667,"-2.8693146449857982,-2.9251763260020187,-2.9235826973185453,-2.9045985167234383"
2.7666666666666666,317,Human,0,0,3,572,-2.7666666666666666,"-2.8207524702716062,-2.8266016760448207,-2.874286964560227,-2.8246257695178327"
3.6166666666666667,318,Human,0,11,20,573,-3.6166666666666667,"-3.193596743808572,-3.851462292505195,-3.594284227729969,-3.627809258787749"
6.766666666666667,320,Human,0,36,16,579,-6.766666666666667,"-6.755260363151809,-6.860828199455156,-7.018860318413236,-6.778198626360244"
3.1,321,Human,0,39,9,588,-3.1,"-3.009461331438019,-3.0995085027309823,-3.1610838439911606,-3.199852885142538"
2.2,322,Human,0,8,49,593,-2.2,"-2.2117071515528766,-2.2243826829853615,-2.218699016078714,-2.236189345543557"
1.05,323,Human,0,4,50,593,-1.05,"-1.0639163084200638,-1.1702291682966428,-1.2031314375251063,-1.192731740863894"
5.683333333333334,324,Human,3,4,5,599,-5.683333333333334,"-5.672365133808188,-5.67294175127888,-5.857377609930346,-5.670344944307445"
0.5666666666666667,327,Human,0,16,5,606,-0.5666666666666667,"-0.5505160882124205,-1.694644092338159,-1.0860939048045422,-1.2390377173187488"
4.1,328,Human,0,7,10,607,-4.1,"-4.107573069246254,-4.404736248037055,-4.4166957371389595,-4.509237734642886"
3.6333333333333333,330,Human,0,7,10,611,-3.6333333333333333,"-3.9497325393226457,-4.354298914703721,-4.347591737138959,-4.456293734642886"
2.7666666666666666,331,Human,0,7,9,613,-2.7666666666666666,"-3.5441246679874343,-3.807504425531839,-3.7787350777159103,-3.8167646470020644"
4.166666666666667,332,Human,0,7,10,614,-4.166666666666667,"-4.80111700477819,-5.042778747556893,-5.068780793415147,-5.073095653446224"
2.8333333333333335,333,Human,1,0,51,615,-2.8333333333333335,"-3.1920416121940187,-2.7360077911039515,-3.137424602048276,-3.083720946625451"
5.116666666666666,334,Human,1,7,10,616,-5.116666666666666,"-5.117029964615872,-5.106985636769999,-5.147565434732117,-5.149682425245585"
3.933333333333333,336,Human,0,7,9,618,-3.933333333333333,"-3.9336762671945444,-3.952311878896089,-4.124862465330554,-3.9706254345092407"
4.2,339,Human,1,11,4,637,-4.2,"-4.19806003908348,-4.19356687341056,-4.306275636667594,-4.198245679998933"
3.7333333333333334,340,Human,0,55,20,645,-3.7333333333333334,"-3.7575524362166424,-3.9219246304482924,-3.869363368857983,-3.9425205775188417"
5.183333333333334,341,Human,0,17,5,645,-5.183333333333334,"-5.184878942449984,-5.208472912678042,-5.310370080771346,-5.2618339195377235"
5.116666666666666,344,Human,1,0,53,667,-5.116666666666666,"-5.186862463310278,-5.124685890244535,-5.14832058632858,-5.241081686653615"
1.1333333333333333,348,Human,0,58,3,674,-1.1333333333333333,"-1.1808610869247125,-1.268118627724668,-1.5547920824197208,-1.4682393475748827"
4.15,349,Human,0,7,10,675,-4.15,"-4.177735501984582,-4.509765581370388,-4.403549671423698,-4.437367168303606"
4.066666666666666,350,Human,0,4,40,676,-4.066666666666666,"-4.082905385285569,-4.098101154901716,-4.299067228821953,-4.19755091580464"
4.2,352,Human,0,7,10,676,-4.2,"-4.196127742904602,-4.32134206509631,-4.468429671423698,-4.402540501636939"
3.35,353,Human,0,7,9,678,-3.35,"-3.336192286546739,-3.6009917722294227,-3.7406756020789893,-3.6305209011759065"
2.5,354,Human,0,0,3,679,-2.5,"-2.500754554223336,-2.597966331489633,-2.6155573679041986,-2.5232348214832045"
2.9833333333333334,355,Human,0,7,55,680,-2.9833333333333334,"-2.9868456675053725,-3.0841348934102086,-3.077042361411088,-3.011778684449746"
4.033333333333333,356,Human,1,13,56,680,-4.033333333333333,"-4.1052732672343035,-4.046579524698405,-4.107421826943291,-4.102645710511368"
2.4166666666666665,358,Human,0,0,3,680,-2.4166666666666665,"-2.5457378600208305,-2.8677063985250397,-2.6155573679041986,-2.6211531039890215"
7.083333333333333,359,Human,1,8,10,681,-7.083333333333333,"-7.093904334138855,-7.052777530182418,-7.122728348260592,-7.27513945410934"
4.033333333333333,361,Human,0,7,10,684,-4.033333333333333,"-4.161820591029891,-4.2166177984296445,-4.1874797371389585,-4.330833834970273"
3.283333333333333,362,Human,0,59,10,686,-3.283333333333333,"-3.2844036558105665,-3.3228043928799735,-3.2893513128527943,-3.4438702685699183"
4.216666666666667,363,Human,0,7,10,686,-4.216666666666667,"-4.105554941247866,-4.5190455813703885,-4.522306403805626,-4.541808401309552"
5.516666666666667,364,Human,0,17,5,686,-5.516666666666667,"-5.503605749412397,-5.508727374528085,-5.508521622757715,-5.508492863919508"
3.0,366,Human,0,7,9,691,-3.0,"-3.112057883097427,-3.5314125987601637,-3.5577209354123225,-3.6887998656549854"
3.4833333333333334,367,Human,1,7,58,692,-3.4833333333333334,"-3.488688584974927,-3.4704985577016627,-3.485208173818232,-3.4843853568723424"
2.05,368,Human,0,47,2,693,-2.05,"-2.03689728185711,-2.1232136043589502,-2.1307075746065167,-2.106067464370918"
2.3833333333333333,369,Human,0,60,5,694,-2.3833333333333333,"-2.3489997603337063,-2.3549233968470547,-2.3561043006027758,-2.5144636256230357"
4.1,370,Human,0,7,10,694,-4.1,"-4.057521980642825,-4.232093643379651,-4.260216338090365,-4.255020501636939"
2.933333333333333,374,Human,0,7,9,699,-2.933333333333333,"-3.1926031837898234,-3.549179242954798,-3.4834222687456555,-3.5904139314192474"
2.066666666666667,375,Human,0,0,3,706,-2.066666666666667,"-2.203295788157763,-2.2557912476953743,-2.2777800432135815,-2.217002107923094"
5.083333333333333,378,Human,0,7,10,711,-5.083333333333333,"-5.041429771310555,-5.085813332328306,-5.066610403805626,-5.2458510679762185"
5.083333333333333,379,Human,0,17,5,714,-5.083333333333333,"-5.073997302995087,-5.427135889990266,-5.439715265080259,-5.456717514234493"
1.1666666666666667,380,Human,0,61,2,715,-1.1666666666666667,"-1.1502680004932935,-1.2191972212931248,-3.742237715820669,-1.2672512662372366"
5.0,381,Human,1,62,2,721,-5.0,"-5.309879105037128,-5.007604205778447,-5.354433556611103,-5.347328807017696"
3.95,382,Human,1,11,3,726,-3.95,"-4.014109522817335,-3.9438105003712396,-4.049847904558511,-3.9797509232289032"
3.6333333333333333,383,Human,0,63,5,726,-3.6333333333333333,"-3.633303374226754,-4.05741475286731,-4.1424898533339904,-4.032669592146607"
4.083333333333333,385,Human,1,0,59,729,-4.083333333333333,"-4.162195184902978,-4.114995821501917,-4.127695150520096,-4.298464675020766"
5.366666666666666,386,Human,1,11,3,732,-5.366666666666666,"-5.600568189484001,-5.39790005326843,-5.625456990313476,-5.406580900821226"
2.8666666666666667,388,Human,0,66,1,736,-2.8666666666666667,"-2.8929392159207405,-2.905384266605701,-2.9164984461747263,-2.950180338617809"
2.6333333333333333,389,Human,0,16,12,738,-2.6333333333333333,"-2.633578789016416,-2.8225132257654684,-2.7872145552245375,-2.9537732195830095"
5.966666666666667,391,Human,3,67,5,746,-5.966666666666667,"-5.972344465208096,-5.980953307524719,-5.96063486833333,-5.9542187258356325"
2.4,392,Human,1,68,2,751,-2.4,"-2.435464601400532,-2.39630620722195,-2.5293047555091155,-2.448662132902117"
0.8666666666666667,393,Human,0,69,12,752,-0.8666666666666667,"-0.846883375154975,-2.1600544465446365,-1.3885305021936782,-1.3882303821456592"
0.6666666666666666,395,Human,0,16,5,752,-0.6666666666666666,"-0.7130685525604396,-1.694644092338159,-1.0860939048045422,-1.2390377173187488"
3.75,398,Human,3,7,4,769,-3.75,"-3.764775275009953,-3.7528840672884507,-3.760764156336058,-3.7300951107101854"
2.8666666666666667,399,Human,0,7,9,770,-2.8666666666666667,"-2.8899487477379426,-2.989635805135589,-3.004434118643858,-2.9661689080873535"
3.783333333333333,400,Human,3,7,4,772,-3.783333333333333,"-3.804315506209998,-3.8069382414318356,-3.814513270077334,-3.7884287209305736"
5.733333333333333,402,Human,1,0,5,775,-5.733333333333333,"-5.773324382260885,-5.757789594980022,-5.984864498635052,-5.958747128707925"
1.9333333333333333,403,Human,0,4,4,775,-1.9333333333333333,"-1.939966129603043,-2.5226738051088073,-2.38942488890736,-2.512764528172278"
5.666666666666667,405,Human,0,0,2,776,-5.666666666666667,"-4.8218112615461965,-5.841740078102168,-5.816700224925684,-5.846744740418988"
2.35,407,Human,3,0,3,778,-2.35,"-2.3006364123196215,-2.5646329981562994,-2.5822240345708654,-2.2953279284612877"
3.533333333333333,409,Human,2,11,60,779,-3.533333333333333,"-3.8060148062104613,-3.850781330149569,-3.731859012228141,-3.9813197903495454"
3.0166666666666666,411,Human,0,7,9,780,-3.0166666666666666,"-3.0963401898838967,-3.1795486441084715,-3.2190139615817532,-3.3641955747540204"
3.65,414,Human,3,7,4,782,-3.65,"-3.6881068099958596,-3.691144154762852,-3.6918344166632995,-3.681174479638614"
3.2333333333333334,415,Human,0,4,4,783,-3.2333333333333334,"-2.040775258493521,-3.01992218191311,-2.988588968851065,-3.2929692980302585"
3.65,417,Human,1,7,4,786,-3.65,"-3.6480622540281114,-3.6476547092128304,-3.6503388873288123,-3.648055188136114"
1.6,418,Human,0,0,23,787,-1.6,"-1.695243966388727,-1.7640181278650893,-1.7649991779166996,-1.9343259589160753"
4.15,419,Human,0,7,10,788,-4.15,"-3.9832348777695334,-4.204280310046317,-4.300056338090364,-4.19046050163694"
4.4,420,Human,1,11,3,789,-4.4,"-4.439510236855002,-4.39321418245212,-4.45966740713396,-4.401654564821226"
5.483333333333333,422,Human,0,0,5,794,-5.483333333333333,"-5.5108405685814645,-5.668124270402766,-5.901317445783935,-5.771163402424331"
2.1166666666666667,425,Human,3,0,3,797,-2.1166666666666667,"-2.337916066110395,-2.2557912476953743,-2.2777800432135815,-2.083236087835297"
6.95,427,Human,1,0,5,801,-6.95,"-5.869694093091692,-5.3508113123229295,-5.809480623293815,-5.98596340242433"
5.4,428,Human,0,0,5,802,-5.4,"-5.4070222107292505,-6.18927607488767,-6.106650779117269,-6.267830069090996"
5.383333333333334,429,Human,0,0,5,803,-5.383333333333334,"-5.793220557320518,-6.73817301007593,-6.9508303715061555,-6.911021910884905"
4.583333333333333,430,Human,1,1,1,803,-4.583333333333333,"-4.804541009714527,-4.5828359271284445,-4.585974540559305,-4.5892181280344255"
6.766666666666667,431,Human,0,0,5,804,-6.766666666666667,"-5.54284516886051,-6.834680749655547,-6.980978239126434,-6.797117388606131"
6.816666666666666,434,Human,0,0,5,807,-6.816666666666666,"-6.544804687925766,-6.96170338890221,-6.818923165301718,-7.028733910884905"
6.833333333333333,435,Human,0,0,2,811,-6.833333333333333,"-6.8720684131815535,-6.930508554008972,-7.0224481799405485,-7.113643656904668"
6.6,436,Human,2,1,10,814,-6.6,"-6.613121441162026,-6.626990331854989,-6.609010964855574,-6.731706502215852"
5.033333333333333,439,Human,3,71,2,816,-5.033333333333333,"-3.525221073501827,-3.876379210575519,-3.8214833204700165,-3.478478136763797"
6.433333333333334,442,Human,0,0,2,818,-6.433333333333334,"-6.426553217296009,-6.7432254793187205,-6.680806891592351,-6.680941592190401"
3.0833333333333335,443,Human,0,4,20,820,-3.0833333333333335,"-3.076184653703744,-3.1007883907865845,-3.2905761652523617,-3.2101087558263885"
6.583333333333333,444,Human,0,1,10,822,-6.583333333333333,"-6.57512022986047,-6.97926097545839,-6.868562783766191,-6.89031031751094"
2.7666666666666666,446,Human,0,0,62,824,-2.7666666666666666,"-2.6510683016865815,-2.7421879164099865,-2.9155007491443836,-2.8640807279722598"
3.5833333333333335,447,Human,0,72,20,832,-3.5833333333333335,"-3.5923500075732093,-3.628764950533475,-3.799131437499983,-4.017845094894402"
1.6333333333333333,448,Human,0,73,2,833,-1.6333333333333333,"-1.6344019550026911,-1.9106750115452948,-1.7151482652096117,-1.7497385131158296"
3.4833333333333334,449,Human,3,8,63,840,-3.4833333333333334,"-3.4755876733688345,-3.483811228566161,-3.474434756063103,-3.464437607310639"
4.116666666666666,452,Human,0,4,20,852,-4.116666666666666,"-4.1350735573370905,-4.239070322749398,-4.174368745761512,-4.324749016316445"
4.75,455,Human,1,4,3,859,-4.75,"-4.800543143791121,-4.7368582242055925,-4.996600995420542,-4.761687276171647"
5.616666666666666,457,Human,0,17,5,861,-5.616666666666666,"-5.628824116363546,-5.83627297865888,-5.977436544533095,-5.966822530507521"
2.8,459,Human,0,7,9,861,-2.8,"-3.0356043745832264,-3.0703806441084716,-3.3075472949150866,-3.1245777931365497"
7.416666666666667,462,Human,1,1,10,864,-7.416666666666667,"-7.778090752164493,-7.383268015943445,-7.868275799328017,-7.773502375802336"
5.0,463,Human,3,1,1,866,-5.0,"-5.045384178902497,-5.051833598606228,-5.061318498314498,-5.006130752223065"
4.016666666666667,464,Human,0,75,1,869,-4.016666666666667,"-3.9946981197393003,-4.116388777485941,-4.027884921324436,-4.255097486654849"
3.7,465,Human,1,7,1,870,-3.7,"-3.8912240053378997,-3.7351757113191946,-3.8147686195833415,-3.788389611284953"
2.4833333333333334,468,Human,1,21,39,874,-2.4833333333333334,"-2.5181922523595475,-2.4954987177434997,-2.5727949927271125,-2.6279676017736118"
5.083333333333333,469,Human,2,4,2,875,-5.083333333333333,"-5.178740296849295,-5.158457810059843,-5.120026589416323,-5.141513580376455"
2.2333333333333334,473,Human,2,67,67,884,-2.2333333333333334,"-2.3993342242310027,-2.3413792221959713,-2.189529098210922,-2.402873923628479"
4.8,478,Human,2,1,1,892,-4.8,"-4.963210219373838,-4.774655706454053,-4.7290229320331925,-4.815672281319018"
3.9,479,Human,3,8,0,894,-3.9,"-3.906832106163578,-3.9152428789655476,-3.911872578185556,-3.8832219153405396"
2.966666666666667,482,Human,1,11,69,895,-2.966666666666667,"-2.891352523847315,-2.8648597269655203,-2.9654955517794765,-3.3914307195772952"
3.0166666666666666,483,Human,0,8,70,896,-3.0166666666666666,"-3.022677597064437,-3.041962689064107,-3.1683852771242407,-3.299659136224685"
5.033333333333333,484,Human,3,1,1,896,-5.033333333333333,"-5.498842943599257,-5.613858288002858,-5.542617812399827,-5.360400083115042"
5.966666666666667,489,Human,3,1,1,899,-5.966666666666667,"-5.934655123333329,-5.977758473351631,-5.952126628173715,-5.898908568614076"
4.983333333333333,490,Human,2,4,5,900,-4.983333333333333,"-5.110223970294749,-5.139700963411228,-5.0970684495440395,-5.105161758125279"
3.466666666666667,491,Human,0,77,10,901,-3.466666666666667,"-3.4237900769486798,-3.6223908801609457,-3.6610891274881037,-3.6605352128633974"
5.15,495,Human,0,0,2,904,-5.15,"-5.78689385489623,-6.31701472158831,-6.356532809246582,-6.374790323571335"
6.516666666666667,496,Human,1,0,2,905,-6.516666666666667,"-6.62361247142608,-6.602059345439972,-6.7104629558369835,-6.789803656904668"
5.116666666666666,499,Human,0,0,2,907,-5.116666666666666,"-6.066355820844446,-6.348976520800416,-6.416298048018936,-6.644173605668525"
6.266666666666667,500,Human,2,4,5,908,-6.266666666666667,"-6.365036656516664,-6.360822994628792,-6.3351094977515485,-6.478819224293815"
5.183333333333334,501,Human,0,0,5,911,-5.183333333333334,"-6.417995109872765,-6.523165205348544,-6.567728498635052,-6.530130721939465"
3.1,502,Human,0,0,3,911,-3.1,"-3.094931482633662,-3.139279009378154,-3.242356715458687,-3.11928774236494"
6.683333333333334,503,Human,2,1,10,912,-6.683333333333334,"-7.748941977358976,-7.740195523095244,-7.717946562547763,-7.780907005615149"
4.4,505,Human,2,1,1,918,-4.4,"-5.309316346376858,-5.299269886523656,-4.333206850494323,-5.285459308013085"
2.933333333333333,507,Human,0,16,71,921,-2.933333333333333,"-2.9381031576593717,-3.0188840230116525,-3.030648799995161,-3.0501093540367914"
2.95,508,Human,0,0,3,922,-2.95,"-2.947555360773256,-3.0337063985250396,-3.0477792276566924,-2.973149763218922"
6.516666666666667,509,Human,0,0,5,923,-6.516666666666667,"-6.584226547746963,-6.7253776037361,-6.7374298319683845,-6.830339538373074"
1.7166666666666666,511,Human,0,0,12,925,-1.7166666666666666,"-1.6106932840206711,-1.7239023046678488,-1.7353931820616333,-1.713404386543426"
5.883333333333334,514,Human,0,24,10,931,-5.883333333333334,"-4.388701466354362,-4.440173732472254,-4.462515829493374,-4.428694627162346"
2.8333333333333335,515,Human,0,0,3,932,-2.8333333333333335,"-2.8285588153102257,-2.9790397318583732,-2.9911125609900258,-2.841388665264704"
2.9833333333333334,517,Human,0,79,1,942,-2.9833333333333334,"-2.9834069012971427,-3.005946382283769,-3.305628727181185,-3.062419242964782"
5.416666666666667,519,Human,2,81,2,944,-5.416666666666667,"-5.289659976595772,-5.553697636289938,-5.137081937038404,-5.298081211616224"
5.2,520,Human,2,1,1,948,-5.2,"-5.208472548750806,-5.177357214278552,-5.088956515725053,-5.202949568992268"
7.366666666666666,523,Human,3,1,10,957,-7.366666666666666,"-7.380401875806505,-7.677319945389413,-7.380830045808093,-7.377702738107468"
4.966666666666667,526,Human,2,1,1,964,-4.966666666666667,"-5.027004276798156,-5.027269392261896,-4.99554522427274,-5.037596624986269"
4.95,527,Human,2,1,1,966,-4.95,"-4.97126672008323,-4.9932368198509876,-4.876265992268008,-4.965362802281078"
4.95,528,Human,2,1,1,968,-4.95,"-4.9972024686847085,-4.9567080238801875,-4.886370634756941,-4.959077670004028"
5.05,530,Human,2,1,1,970,-5.05,"-5.039806750909948,-5.033426774704827,-4.9715494760307095,-5.044151926938141"
4.333333333333333,531,Human,1,11,3,973,-4.333333333333333,"-4.450036387936429,-4.365728368874755,-4.457714571225179,-4.4063739241998325"
5.133333333333334,532,Human,2,1,1,973,-5.133333333333334,"-5.180395930845392,-5.098705458044439,-5.044684297751232,-5.095287089303358"
1.6666666666666667,534,Human,0,82,1,976,-1.6666666666666667,"-1.66972765896689,-2.204987616149391,-1.883164031224354,-2.610025954212962"
4.25,535,Human,1,11,3,978,-4.25,"-4.299723884920534,-4.253622939344989,-4.313362925584115,-4.270344738583123"
5.283333333333333,536,Human,0,55,5,981,-5.283333333333333,"-5.343993384525296,-5.960022602186517,-6.057959515866362,-6.083223382749313"
5.3,537,Human,0,4,5,984,-5.3,"-5.406527601544788,-5.426932217345852,-5.645280395595145,-5.643867112768384"
5.2,540,Human,0,11,5,990,-5.2,"-5.314718300649366,-5.381395316342233,-5.585048449020448,-5.477981458899811"
4.016666666666667,541,Human,1,11,3,994,-4.016666666666667,"-4.217321129402085,-4.044734488507135,-4.255543214031473,-4.168221987369462"
6.716666666666667,543,Human,2,1,10,1000,-6.716666666666667,"-7.079258544332143,-7.1950416590677575,-6.714723518707103,-7.245867795342086"
6.566666666666666,545,Human,0,4,5,1002,-6.566666666666666,"-6.576621120311811,-6.5930220267304716,-6.623769561160598,-6.611161059753963"
4.716666666666667,547,Human,3,1,1,1002,-4.716666666666667,"-4.956876818656404,-4.930018525297797,-4.88922234280173,-4.632446413115345"
6.283333333333333,550,Human,1,11,5,1004,-6.283333333333333,"-6.2787463594454405,-6.218618543845321,-6.281456245588885,-6.317893776328413"
2.6,555,Human,0,11,55,1010,-2.6,"-2.5671888533596867,-2.7117130981521482,-2.717682959463962,-2.6045543002810345"
8.133333333333333,557,Human,0,17,3,1014,-8.133333333333333,"-8.1741868327826,-8.397023499828702,-8.215218841123036,-8.219718089787346"
4.533333333333333,558,Human,0,4,76,1016,-4.533333333333333,"-4.6097668769620865,-4.99865982109975,-4.664522311738748,-4.686484320986231"
2.75,559,Human,2,84,1,1019,-2.75,"-2.7672561378803056,-2.807726227037281,-2.7658187279779525,-2.970949154711561"
2.65,560,Human,0,0,77,1020,-2.65,"-2.660957189825642,-2.723379485813646,-2.7261662241549827,-2.784849037279419"
0.6666666666666666,561,Human,0,16,5,1024,-0.6666666666666666,"-0.6828388205342416,-1.694644092338159,-1.0860939048045422,-1.2390377173187488"
5.716666666666667,562,Human,1,11,2,1029,-5.716666666666667,"-5.7406112750174,-5.669770364197361,-5.724141929712385,-5.765835835234663"
5.283333333333333,563,Human,3,4,52,1033,-5.283333333333333,"-5.336205013854831,-5.332180583299265,-5.358820029261587,-5.14593505738754"
7.016666666666667,565,Human,1,1,10,1041,-7.016666666666667,"-7.226790758759542,-6.98474356610175,-7.280318444569737,-7.097978865617144"
5.0,566,Human,3,1,1,1044,-5.0,"-5.100352516657308,-5.113258672310362,-5.098911304138294,-5.037566658815943"
5.8,568,Human,0,4,5,1047,-5.8,"-5.856280904704235,-5.8609221774691544,-6.070047961160597,-5.868091685526837"
6.8,575,Human,1,1,10,1056,-6.8,"-7.131285356216026,-6.7973734731324145,-6.999390294888977,-7.037616788943279"
4.9,576,Human,0,1,1,1058,-4.9,"-4.996982242425514,-5.052300184415221,-5.055572758098464,-5.058778877621899"
3.9833333333333334,577,Human,1,21,79,1060,-3.9833333333333334,"-4.050706433585313,-4.0253199531610635,-4.312117347350748,-4.251794805640039"
1.5333333333333334,580,Human,0,21,80,1062,-1.5333333333333334,"-1.5003505793669694,-2.263168348692969,-2.166658297588294,-2.0090353347962657"
3.0833333333333335,582,Human,0,7,1,1064,-3.0833333333333335,"-4.841989721618133,-4.867187625277685,-5.045617249866672,-5.10234535122237"
3.8,583,Human,0,1,81,1065,-3.8,"-3.808830928717679,-3.8348526084090304,-3.815338205656669,-4.0353448599499355"
4.066666666666666,584,Human,2,11,5,1066,-4.066666666666666,"-5.28198912205408,-5.5037035495163575,-5.2774670577479945,-5.307432036819811"
1.95,585,Human,3,0,3,1070,-1.95,"-1.9534203427914416,-2.2557912476953743,-2.2777800432135815,-1.9500051288012217"
1.9166666666666667,588,Human,0,13,82,1075,-1.9166666666666667,"-1.900725999811303,-1.9340184752489509,-2.0110271034259632,-2.0428552961861492"
2.316666666666667,589,Human,0,17,16,1075,-2.316666666666667,"-2.2203240707978242,-2.4196625066505515,-2.423694367019666,-2.4727507044999375"
5.15,590,Human,0,4,5,1078,-5.15,"-5.229804878236352,-5.273483038950925,-5.2988490278272655,-5.272644706095411"
4.55,591,Human,1,13,4,1078,-4.55,"-4.556094461257621,-4.553462134276939,-4.555482891974841,-4.556313984536768"
5.3,592,Human,0,4,5,1080,-5.3,"-5.314519720215888,-5.351196154252965,-5.496939694493932,-5.346445958805695"
5.016666666666667,593,Human,0,4,12,1081,-5.016666666666667,"-4.993261146854463,-5.009250795707079,-5.023026139848943,-5.010261674360415"
3.566666666666667,596,Human,1,87,5,1090,-3.566666666666667,"-3.7265001573183385,-3.687535286981511,-3.765561170631103,-4.059092281806144"
5.266666666666667,597,Human,0,17,5,1090,-5.266666666666667,"-5.272771567719971,-5.275246416979137,-5.275108861589583,-5.275416795946072"
5.383333333333334,599,Human,1,4,3,1092,-5.383333333333334,"-5.550731517124454,-5.364246875011373,-5.516182129669767,-5.438645313504981"
2.4,601,Human,2,11,83,1095,-2.4,"-2.421901142377455,-2.6423129142474355,-2.4112501929844283,-2.573229488840893"
3.783333333333333,602,Human,1,11,3,1098,-3.783333333333333,"-4.392096903521669,-3.7932215114333436,-4.560967904558512,-4.429288654036129"
5.383333333333334,603,Human,1,11,3,1100,-5.383333333333334,"-5.594152189484002,-5.361951029988736,-5.612608990313476,-5.536584738583123"
2.6666666666666665,605,Human,1,89,2,1107,-2.6666666666666665,"-2.9421397005166363,-2.680136761647121,-2.728278003786108,-2.738522720823391"
5.583333333333333,606,Human,1,1,1,1107,-5.583333333333333,"-5.581021140574716,-5.576500971434479,-5.581413756659849,-5.58104130668219"
4.033333333333333,609,Human,3,16,30,1113,-4.033333333333333,"-4.065201558855918,-4.056261617020564,-4.111927943866274,-4.02449527201611"
5.033333333333333,611,Human,1,4,3,1118,-5.033333333333333,"-5.110423327717031,-5.07532973414818,-5.159534328753875,-5.344707211272746"
5.933333333333334,612,Human,0,92,2,1119,-5.933333333333334,"-5.5772482862878805,-6.081035475029961,-6.011994324417746,-5.972929522094596"
4.916666666666667,613,Human,1,4,3,1121,-4.916666666666667,"-4.9777615763662295,-4.919520098619433,-5.17002197040248,-5.021983369018197"
4.883333333333334,614,Human,1,4,3,1123,-4.883333333333334,"-4.954183995506958,-4.898009580351897,-4.951214328753875,-4.948616544606081"
5.683333333333334,615,Human,2,0,2,1124,-5.683333333333334,"-5.695494588500596,-5.662136071318722,-5.60630752156477,-5.902047140418988"
3.9166666666666665,616,Human,3,4,84,1124,-3.9166666666666665,"-4.074156538887561,-4.091104024395421,-4.503163861024856,-3.878211515304731"
2.5,618,Human,3,0,3,1128,-2.5,"-2.469304462260735,-2.6112996648229663,-2.6155573679041986,-2.463206533546148"
7.066666666666666,619,Human,0,17,20,1131,-7.066666666666666,"-7.254182258065353,-7.420749583136689,-7.556567306805766,-7.437759415229544"
4.666666666666667,620,Human,1,11,3,1132,-4.666666666666667,"-4.700141039745982,-4.671564154977095,-4.686479492565735,-4.700431018404468"
8.133333333333333,621,Human,3,17,86,1133,-8.133333333333333,"-8.611535776761304,-8.594232627200077,-8.694317507375038,-8.584406611344152"
5.416666666666667,623,Human,2,4,2,1140,-5.416666666666667,"-5.374686998799414,-5.363764972609473,-5.345017054870482,-5.601293616880932"
2.966666666666667,626,Human,1,11,3,1144,-2.966666666666667,"-4.435073468545982,-3.7782353263691255,-4.4302768258990675,-4.443602474063136"
4.35,627,Human,1,94,3,1152,-4.35,"-4.362933026016224,-3.5723054665141385,-4.3463167341721896,-4.364136853703916"
4.55,628,Human,1,4,3,1152,-4.55,"-4.566209994383698,-4.456577829398887,-4.54008457760901,-4.518463068547891"
4.433333333333334,629,Human,1,4,3,1155,-4.433333333333334,"-5.282326952404504,-4.953648248601724,-5.342656387272592,-5.343430889184399"
5.383333333333334,630,Human,0,16,9,1157,-5.383333333333334,"-5.523873094236549,-5.649863391982158,-5.570343044780115,-5.555341470650336"
5.783333333333333,632,Human,1,4,3,1158,-5.783333333333333,"-5.739890978367721,-5.600180765842422,-5.696324304036856,-5.652811731314272"
3.466666666666667,635,Human,0,95,1,1163,-3.466666666666667,"-3.3479154820030024,-3.6906757315757437,-3.7107718462244517,-3.681982825723961"
1.8666666666666667,637,Human,3,0,3,1164,-1.8666666666666667,"-2.017395082637994,-2.2557912476953743,-2.2777800432135815,-1.9361945698449856"
7.333333333333333,638,Human,0,96,3,1167,-7.333333333333333,"-7.367697380123861,-7.441829565429044,-7.466403716559042,-7.4244334073178"
2.5833333333333335,639,Human,1,51,3,1167,-2.5833333333333335,"-2.675486001298559,-2.595105866902529,-2.6309866778584734,-2.612371050894459"
5.566666666666666,642,Human,1,4,3,1173,-5.566666666666666,"-5.651666662173624,-5.564691123014713,-5.823514237069147,-5.610730801881226"
4.4,643,Human,1,11,4,1173,-4.4,"-4.430665198057529,-4.425652975827282,-4.785977879167825,-4.430343380526352"
5.466666666666667,645,Human,1,4,3,1176,-5.466666666666667,"-5.784886396405568,-5.531368254016496,-5.578999959724253,-5.792406734003984"
5.25,646,Human,0,4,76,1177,-5.25,"-5.191628687350585,-5.40545982109975,-5.276589593673435,-5.932520790122318"
4.9,647,Human,0,11,2,1179,-4.9,"-4.868015370718547,-4.905206493399952,-4.8975189963892465,-4.925904991186512"
3.0833333333333335,648,Human,3,0,3,1182,-3.0833333333333335,"-3.1217899486570437,-3.1429212208016155,-3.1523479239852126,-3.093062439162031"
8.066666666666666,652,Human,2,17,3,1198,-8.066666666666666,"-8.380035166431261,-8.377724023102932,-8.15436688936516,-8.177924061247621"
5.733333333333333,655,Human,3,64,20,1208,-5.733333333333333,"-5.91302503274665,-5.944688647568125,-5.897825292688923,-5.742557138668947"
4.85,656,Human,1,4,3,1211,-4.85,"-5.081389328840292,-4.9412467129278035,-4.987188776321984,-4.955491211272747"
2.95,657,Human,0,7,9,1212,-2.95,"-2.9633095125321214,-3.089076781953444,-2.989662268745655,-2.997262241420687"
4.333333333333333,658,Human,2,11,65,1212,-4.333333333333333,"-4.43314407599271,-4.523975724823865,-4.249791951846337,-4.893523978250499"
3.15,660,Human,0,7,9,1215,-3.15,"-3.061636089264143,-3.1411113107751385,-3.3508806282484196,-3.2053617931365497"
3.6,661,Human,1,7,1,1217,-3.6,"-3.6531168450171947,-3.6149491964032316,-3.8734352862500083,-3.8327488143112296"
4.15,662,Human,0,7,10,1218,-4.15,"-4.141582080100273,-4.223426976712985,-4.206425218435601,-4.3798205016369405"
3.1166666666666667,663,Human,0,7,9,1220,-3.1166666666666667,"-3.0714536832742216,-3.160625977441805,-3.305813961581754,-3.1644124598032164"
2.95,668,Human,3,8,89,1225,-2.95,"-2.974042788406432,-3.1870892312000394,-3.0063428324286954,-2.953692861320839"
6.066666666666666,670,Human,0,4,3,1229,-6.066666666666666,"-5.1481359955069586,-5.18184647745276,-5.290210770402481,-5.223204702351531"
3.183333333333333,672,Human,1,7,90,1231,-3.183333333333333,"-3.2167967048457564,-3.158431035155878,-3.250593304758045,-3.29942171195332"
5.15,674,Human,3,7,4,1233,-5.15,"-5.179000915725059,-5.185033815662689,-5.18743708989228,-5.165516531680755"
6.133333333333334,677,Human,1,4,3,1237,-6.133333333333334,"-6.364586663072234,-6.108491648558521,-6.117664796336433,-6.335932169018197"
2.0833333333333335,682,Human,2,49,3,1244,-2.0833333333333335,"-2.109802678946454,-2.108549338182671,-2.086632046762819,-2.1515773335972264"
4.3,685,Human,3,16,9,1244,-4.3,"-4.277583154792803,-4.331188810153291,-4.149140637651837,-4.120302269836275"
5.15,686,Human,0,24,10,1245,-5.15,"-5.084226029915116,-5.214621399448526,-5.229136732635154,-5.3610975747172365"
5.183333333333334,688,Human,0,7,10,1246,-5.183333333333334,"-5.154130848556151,-5.297136248037055,-5.417984856377834,-5.378037734642884"
3.933333333333333,689,Human,0,7,9,1247,-3.933333333333333,"-3.9688282424171364,-4.1412233271168715,-4.138251169265403,-4.06163023450924"
5.166666666666667,691,Human,1,0,2,1258,-5.166666666666667,"-5.100527064082999,-5.099623760680669,-5.126920651837606,-5.305250925523735"
5.066666666666666,693,Human,1,0,2,1259,-5.066666666666666,"-5.380854615856179,-5.19690540924047,-5.294665743952438,-5.212443213913542"
4.966666666666667,695,Human,0,11,2,1263,-4.966666666666667,"-5.396707670670639,-6.425244351861389,-6.392980548352657,-6.38971659612667"
5.566666666666666,696,Human,1,4,3,1265,-5.566666666666666,"-5.641380923184903,-5.6209351095905244,-5.838158615716856,-5.781513505389855"
3.1166666666666667,697,Human,0,0,3,1269,-3.1166666666666667,"-3.112091524559792,-3.132261354441265,-3.125203167840343,-3.116396180083657"
5.433333333333334,699,Human,1,4,3,1275,-5.433333333333334,"-5.6046426621736245,-5.432986506740598,-5.674568616321984,-5.593784969018197"
3.05,700,Human,3,0,3,1278,-3.05,"-3.0389234406385017,-3.0476317854866988,-3.071779227656693,-3.025416233033339"
5.216666666666667,701,Human,1,11,3,1283,-5.216666666666667,"-5.318494201269762,-5.188765117620403,-5.502688990313477,-5.2527332726932"
4.566666666666666,703,Human,0,4,20,1286,-4.566666666666666,"-4.806130800336808,-4.922136258199519,-5.082107997287368,-4.963469016316445"
5.85,704,Human,3,101,22,1287,-5.85,"-5.899612649236876,-5.902815788361964,-5.904090937204646,-5.847380963625707"
3.8,705,Human,1,1,1,1290,-3.8,"-3.8287345577205043,-3.785576799467088,-3.794638799954539,-3.801513900959406"
4.1,709,Human,3,7,4,1298,-4.1,"-4.126882739338741,-4.132182628032889,-4.125639822238838,-4.118850331349184"
2.066666666666667,710,Human,0,7,77,1300,-2.066666666666667,"-2.0579094136704925,-2.0832390826911893,-2.1572195818572215,-2.070400975364948"
4.866666666666666,711,Human,1,11,3,1301,-4.866666666666666,"-4.955449899479315,-4.489075298877404,-4.9294831310405005,-4.91439449985698"
4.383333333333334,712,Human,0,4,20,1303,-4.383333333333334,"-4.598980641694871,-4.775522924866185,-4.712561663275877,-4.817362349649779"
2.933333333333333,714,Human,0,7,9,1306,-2.933333333333333,"-3.0462977664983844,-3.085822471802256,-3.054434118643858,-3.1706489080873537"
3.533333333333333,717,Human,0,11,4,1309,-3.533333333333333,"-3.5189469437115166,-3.5226005432712766,-3.6473112125011573,-3.524260533476567"
3.5166666666666666,721,Human,1,8,95,1314,-3.5166666666666666,"-3.682497735508891,-3.5721860195112534,-3.5943251200203656,-3.7000111413319834"
5.566666666666666,723,Human,0,7,10,1315,-5.566666666666666,"-5.595711671189184,-5.675488248037055,-5.644535737138959,-5.886720321047642"
5.416666666666667,725,Human,0,7,10,1316,-5.416666666666667,"-4.76073479628498,-5.4479869320770495,-5.692460845102268,-5.621536248137159"
4.133333333333334,727,Human,0,7,9,1318,-4.133333333333334,"-4.135587306791971,-4.1687303564502045,-4.151452278611554,-4.2740653609407255"
4.666666666666667,728,Human,1,11,3,1318,-4.666666666666667,"-4.825362856150669,-4.632718739701477,-4.73109432364681,-4.7672789701545595"
2.9166666666666665,729,Human,0,8,96,1320,-2.9166666666666665,"-2.871758354444147,-3.0403187783968884,-2.962138162680479,-2.9406968270389506"
4.233333333333333,732,Human,0,7,9,1323,-4.233333333333333,"-4.244481177221013,-4.338961581953445,-4.295691169265403,-4.3493069609407256"
9.0,733,Human,2,17,3,1325,-9.0,"-9.293310667863736,-9.19429218124563,-9.160718866742322,-9.170177926332839"
4.45,735,Human,1,11,3,1328,-4.45,"-4.586363570188335,-4.470864358609811,-4.567242392250781,-4.63947540524979"
5.333333333333333,736,Human,0,7,10,1330,-5.333333333333333,"-5.232644295911493,-5.355173867608796,-5.346912964573246,-5.347298602378128"
4.3,737,Human,0,17,5,1331,-4.3,"-4.301346158788908,-4.369266529154499,-4.3716507480169895,-4.399736892793114"
3.9833333333333334,738,Human,0,7,9,1332,-3.9833333333333334,"-4.012474494205928,-4.1085191672934975,-4.080904054611555,-4.137285840940726"
4.066666666666666,739,Human,0,7,9,1335,-4.066666666666666,"-3.9472765590587438,-4.029485315286777,-3.986483909084728,-4.068847654274059"
4.366666666666666,741,Human,1,11,3,1337,-4.366666666666666,"-4.6474035701883345,-4.3428351850183,-4.532381237891845,-4.405724256562236"
5.25,742,Human,0,7,10,1337,-5.25,"-5.128397596858244,-5.3383604787437156,-5.2757299230445,-5.36066706797622"
3.933333333333333,745,Human,0,7,9,1339,-3.933333333333333,"-3.918931875264424,-3.9667477188960887,-3.9999020386638873,-4.070569680940725"
3.8833333333333333,746,Human,0,7,9,1340,-3.8833333333333333,"-3.892445841436625,-4.017101425562756,-3.95935569199722,-4.053154214274058"
6.55,748,Human,1,17,5,1346,-6.55,"-6.547925718296664,-6.544960989037284,-6.548257500596062,-6.548082136317095"
2.216666666666667,750,Human,0,73,5,1349,-2.216666666666667,"-2.213235939806361,-2.479509713172526,-2.3619941101278528,-2.3765103541776686"
5.366666666666666,753,Human,0,17,5,1355,-5.366666666666666,"-5.391325186913409,-5.4029398762604375,-5.552277715576369,-5.426518791288061"
3.0,754,Human,0,17,16,1359,-3.0,"-3.011274017303128,-3.166438829390733,-3.0734888269490668,-3.03576045087996"
1.75,756,Human,0,104,5,1365,-1.75,"-1.7544268195346548,-2.061688966443309,-1.8347841166704264,-1.955458482889196"
1.95,757,Human,0,10,5,1366,-1.95,"-1.9327008402811074,-2.0584441615379054,-2.227499348191401,-2.1164439483496786"
4.533333333333333,759,Human,0,4,20,1376,-4.533333333333333,"-4.55186162084015,-4.618936989416065,-4.7797883299425425,-4.816263213053156"
4.466666666666667,761,Human,1,16,4,1377,-4.466666666666667,"-4.660618151364218,-4.467088697520329,-4.664721722021566,-4.483857056855859"
6.416666666666667,763,Human,3,0,0,1379,-6.416666666666667,"-6.626205008843443,-6.6154743988032845,-6.444968832389619,-6.4084162992151175"
4.366666666666666,765,Human,0,4,20,1380,-4.366666666666666,"-4.3394490083256585,-4.547736258199519,-4.563308329942543,-4.474535682983111"
6.283333333333333,766,Human,1,8,10,1381,-6.283333333333333,"-6.656967259281613,-6.106464328442264,-6.517480643580114,-6.958862984303339"
3.8833333333333333,767,Human,0,0,98,1381,-3.8833333333333333,"-3.8673227287305054,-3.918952635407515,-3.8854049603786494,-4.049840152089634"
4.816666666666666,769,Human,0,8,9,1382,-4.816666666666666,"-4.97163619052085,-5.454182632535117,-5.583099380374757,-5.454349482338768"
6.283333333333333,770,Human,3,8,9,1382,-6.283333333333333,"-6.5340449661934175,-6.260766673828244,-6.337537261418542,-6.2573349661748185"
3.066666666666667,771,Human,0,11,20,1383,-3.066666666666667,"-3.275723922887657,-3.5776611989648273,-3.522284227729969,-3.4491282401513526"
3.2666666666666666,772,Human,0,7,9,1385,-3.2666666666666666,"-3.259079272004524,-3.325868644108472,-3.429547294915087,-3.3505617931365497"
4.616666666666666,773,Human,1,0,2,1385,-4.616666666666666,"-4.648734038799831,-4.616197556117581,-4.664860224925684,-4.761776547246876"
2.683333333333333,776,Human,0,0,3,1388,-2.683333333333333,"-1.6861105163230565,-2.2557912476953743,-2.2777800432135815,-2.044287036237101"
3.15,777,Human,0,7,9,1388,-3.15,"-3.597224177977257,-3.8984314486201113,-3.7497711692654025,-3.6794778017758585"
2.7,779,Human,3,0,3,1390,-2.7,"-2.6536293921218186,-2.7703730651917065,-2.9311125609900257,-2.6373785010545"
7.783333333333333,786,Human,2,8,10,1403,-7.783333333333333,"-6.368539293406899,-6.376182803383052,-6.314386035219856,-6.347049650970007"
3.9833333333333334,787,Human,0,7,10,1403,-3.9833333333333334,"-4.054628639493744,-4.391453643379652,-4.382743737138959,-4.603851067976218"
4.383333333333334,788,Human,1,8,99,1404,-4.383333333333334,"-4.460581339511674,-4.1524270613250795,-4.480198958277073,-4.618957682950502"
5.45,790,Human,0,7,10,1405,-5.45,"-5.214458292602059,-5.526910898395979,-5.539766265415149,-5.489493090014296"
3.4833333333333334,793,Human,1,105,1,1409,-3.4833333333333334,"-3.3406198147547546,-3.3362948108649,-3.3524207452483887,-3.3418562986163898"
5.3,794,Human,0,7,10,1410,-5.3,"-4.241241542746563,-5.180661581370388,-5.275828056377834,-5.161734964994448"
1.2,796,Human,0,8,2,1412,-1.2,"-1.086815384594124,-2.4302132948211685,-1.2176273821263566,-1.7584710486066275"
4.033333333333333,797,Human,0,7,9,1412,-4.033333333333333,"-4.1156389757561955,-4.1616819774418055,-4.134403252264443,-4.242176367842573"
4.1,798,Human,0,7,9,1414,-4.1,"-4.149960472550865,-4.288516678896089,-4.22427665199722,-4.51036943450924"
3.716666666666667,799,Human,0,11,20,1414,-3.716666666666667,"-3.7260611674020874,-3.9391956258385283,-3.900627382183975,-3.801394906818019"
4.066666666666666,801,Human,0,7,9,1415,-4.066666666666666,"-4.177238900495913,-4.271589848620112,-4.239317835932069,-4.508812459803217"
5.466666666666667,803,Human,2,11,2,1417,-5.466666666666667,"-5.534638241157425,-5.6658974891093035,-5.530842253041949,-5.537410400735498"
1.4166666666666667,806,Human,0,107,20,1419,-1.4166666666666667,"-1.3470252646924985,-1.7125726604536704,-1.4788000873495548,-1.5538682715706875"
3.85,807,Human,0,4,20,1420,-3.85,"-3.8304350925441515,-3.9738379034367477,-4.194635412428179,-4.01846960372889"
5.15,811,Human,0,7,10,1424,-5.15,"-5.133732652739191,-5.367016731762977,-5.508049111768934,-5.236802613687457"
4.016666666666667,813,Human,0,7,9,1426,-4.016666666666667,"-4.052305315303819,-4.114065977441805,-4.157744502598736,-4.228677801775858"
3.316666666666667,814,Human,0,11,20,1426,-3.316666666666667,"-3.0279423331902042,-3.4883278656314936,-3.448950894396636,-3.4589949068180195"
3.1166666666666667,815,Human,1,108,4,1428,-3.1166666666666667,"-3.1141347335305367,-3.1069632217750653,-3.1814313054235366,-3.3533503130265787"
3.966666666666667,816,Human,0,7,9,1428,-3.966666666666667,"-4.04243877281366,-4.160355805135589,-4.197851169265403,-4.256277801775859"
3.45,818,Human,0,4,20,1431,-3.45,"-3.526895128026787,-3.671837903436748,-3.6191275988685563,-3.606469603728889"
6.85,821,Human,0,1,10,1435,-6.85,"-6.830297630279062,-7.005412067663767,-7.019526379030199,-7.009975672851304"
4.733333333333333,823,Human,3,1,1,1436,-4.733333333333333,"-4.654318662143159,-4.889909297777807,-4.666632918648063,-4.629374394367551"
3.716666666666667,824,Human,0,11,20,1437,-3.716666666666667,"-3.726769761791041,-3.7916611989648272,-3.7956175610633025,-3.9384615734846857"
5.433333333333334,825,Human,0,17,5,1442,-5.433333333333334,"-5.423645608082787,-5.5613582857721235,-5.57186565889101,-5.49954102244341"
5.083333333333333,827,Human,0,11,20,1444,-5.083333333333333,"-5.049615643334031,-5.135569834004157,-5.237008572413847,-5.168342592121082"
4.183333333333334,828,Human,1,1,1,1444,-4.183333333333334,"-4.658485062143159,-4.19915440173022,-4.711586418551935,-4.511760294151623"
4.316666666666666,829,Human,2,1,1,1446,-4.316666666666666,"-4.632556528809825,-4.598610877777822,-4.323208546177302,-4.59006268572737"
3.566666666666667,830,Human,0,11,20,1447,-3.566666666666667,"-3.588123535893687,-3.6416611989648273,-3.7736175610633023,-3.6239103001891904"
3.55,831,Human,0,11,20,1450,-3.55,"-3.8449865225409185,-4.254769834004156,-4.119808572413847,-4.164498073696866"
6.183333333333334,832,Human,1,11,2,1453,-6.183333333333334,"-6.193182668153388,-6.164367071603539,-6.196716085082064,-6.393269755487493"
5.033333333333333,833,Human,0,4,20,1454,-5.033333333333333,"-5.057824496024528,-5.235469591532851,-5.208081663275876,-5.200429016316445"
4.933333333333334,834,Human,0,4,20,1455,-4.933333333333334,"-4.921950313995263,-5.004456258199518,-5.101441330620701,-5.0269890163164455"
4.55,835,Human,0,11,20,1456,-4.55,"-4.580531137639766,-4.65346316733749,-4.834668191264411,-4.7969140736968665"
4.916666666666667,836,Human,0,4,20,1457,-4.916666666666667,"-4.834989794591906,-5.089656258199518,-5.015708329942544,-5.079153879719823"
4.05,837,Human,3,11,4,1458,-4.05,"-4.023150834240679,-4.023843381883481,-4.217742303334259,-4.017129659568618"
6.35,838,Human,2,1,10,1463,-6.35,"-6.6764725963221245,-6.662458841834697,-6.358887113263698,-6.764764430222009"
6.416666666666667,839,Human,3,8,9,1464,-6.416666666666667,"-6.418289361996383,-6.392466061907297,-6.418849017668169,-6.383251156235634"
4.483333333333333,840,Human,0,11,20,1465,-4.483333333333333,"-4.443019005252079,-4.757202533869992,-4.653724191264411,-4.708108740363532"
7.0,841,Human,2,8,10,1466,-7.0,"-6.9288055334069,-6.886367251132829,-6.829050904746774,-7.24387098430334"
7.366666666666666,842,Human,1,8,10,1467,-7.366666666666666,"-6.372946779281613,-6.027387830381368,-6.337907487141806,-6.362652063712508"
4.4,844,Human,0,11,20,1469,-4.4,"-4.323590874345505,-4.529596500670823,-4.467408572413848,-4.469915925454416"
6.183333333333334,845,Human,0,8,9,1470,-6.183333333333334,"-5.0514826841645775,-5.491390739201784,-5.543307380374757,-5.489585109005434"
4.35,846,Human,0,11,20,1470,-4.35,"-4.327956126797503,-4.445009834004157,-4.542341905747181,-4.508012740363533"
4.283333333333333,851,Human,3,1,1,1476,-4.283333333333333,"-4.353686128809826,-4.486634344444489,-4.386353558976744,-4.250996228754758"
4.45,852,Human,1,0,2,1478,-4.45,"-4.652334038799831,-4.424784463631124,-4.458166891592351,-4.474443213913542"
2.6666666666666665,853,Human,0,0,3,1480,-2.6666666666666665,"-2.6667810317065395,-2.931039731858373,-2.9397792276566923,-2.6816058710641606"
6.15,856,Human,0,8,9,1487,-6.15,"-4.847555677423469,-5.605095413351314,-5.64978723763314,-5.60687308919745"
2.6666666666666665,858,Human,0,0,101,1488,-2.6666666666666665,"-2.700478912591033,-2.7933874309091955,-2.758982509058339,-2.7078258043181784"
2.5166666666666666,862,Human,0,0,102,1492,-2.5166666666666666,"-2.5178001929939833,-2.5423678635018274,-2.5492466394849354,-2.589737677897166"
4.283333333333333,863,Human,1,0,2,1492,-4.283333333333333,"-4.561267372133164,-4.2852648685104375,-4.815926891592351,-4.6866212377975005"
1.5166666666666666,865,Human,0,0,12,1497,-1.5166666666666666,"-1.5641931646728435,-1.6143864656559508,-1.7353931820616333,-1.713404386543426"
5.95,866,Human,0,8,9,1498,-5.95,"-4.626181240837336,-5.144225725868451,-5.281814047041424,-5.1280951890054345"
4.383333333333334,867,Human,1,110,10,1500,-4.383333333333334,"-4.675279128789247,-4.22938250956059,-4.681395623387085,-4.99983980073549"
5.266666666666667,870,Human,0,7,10,1503,-5.266666666666667,"-4.264673602213815,-4.9858722480370545,-5.028194403805625,-5.044679032137157"
6.833333333333333,871,Human,1,16,10,1503,-6.833333333333333,"-5.924838272480557,-5.486728323014786,-5.869041775760023,-5.812703409462892"
4.383333333333334,873,Human,0,17,5,1506,-4.383333333333334,"-5.302878258487764,-5.307673786683804,-5.400330377181057,-5.3040755423611925"
3.65,874,Human,0,11,20,1517,-3.65,"-3.75998140415947,-3.8229289591718616,-3.893294048850642,-3.9743282401513524"
1.5833333333333333,875,Human,0,37,81,1517,-1.5833333333333333,"-1.572152050058547,-1.5816839582485265,-1.5798985423838416,-1.6552114438287913"
4.75,876,Human,3,1,1,1518,-4.75,"-4.759223579926604,-4.759220028227584,-4.75766450881021,-4.757547963586344"
8.333333333333334,880,Human,3,1,10,1521,-8.333333333333334,"-8.412768622741076,-8.405256436057911,-8.405164630261607,-8.381110322358664"
4.783333333333333,882,Human,3,1,1,1523,-4.783333333333333,"-4.904094828617298,-5.056098880398237,-4.845778514289116,-4.758917731462186"
5.15,883,Human,0,11,20,1526,-5.15,"-5.111021643954782,-5.197596500670823,-5.17770190574718,-5.422898073696867"
5.0,884,Human,0,11,2,1528,-5.0,"-5.021938465074118,-5.184077728053296,-5.072342972576175,-5.278871832949209"
5.033333333333333,886,Human,0,4,20,1535,-5.033333333333333,"-4.989768388973492,-5.1842690065596155,-5.08109499660921,-5.17415654638649"
5.433333333333334,887,Human,1,4,3,1536,-5.433333333333334,"-5.509817760292984,-5.436284551676556,-5.490172622712738,-5.489816726838314"
5.483333333333333,888,Human,1,4,3,1538,-5.483333333333333,"-5.5610369005596505,-5.482086941294137,-5.524951976321985,-5.601460401881225"
6.35,889,Human,1,11,5,1539,-6.35,"-6.389961268078235,-6.363367667805834,-6.402441711126059,-6.404716012649717"
5.433333333333334,890,Human,1,4,3,1539,-5.433333333333334,"-5.506345085699563,-5.4445668884751015,-5.532882770402481,-5.731053334838313"
5.4,891,Human,1,4,3,1543,-5.4,"-5.481388583791122,-5.444574496234935,-5.472102129669767,-5.538244401881225"
3.75,892,Human,1,77,3,1545,-3.75,"-2.8673596568937154,-2.4752159906136706,-2.922803929347117,-2.8745654950245036"
5.35,895,Human,1,4,3,1548,-5.35,"-5.4483125297389,-5.373273166016737,-5.4524114630030995,-5.474413877939413"
4.416666666666667,896,Human,3,1,1,1548,-4.416666666666667,"-4.691513496755523,-4.647158422755579,-4.504854153848063,-4.403151359453275"
7.0,898,Human,2,4,2,1549,-7.0,"-6.054141035878035,-6.0396385959635,-5.9976070754579816,-6.038976144316212"
6.0,900,Human,0,68,10,1555,-6.0,"-4.8722936889543424,-5.561496846811416,-5.55105732002814,-5.544743440936611"
3.9,902,Human,1,111,3,1558,-3.9,"-3.940990136587393,-3.8440670613778902,-3.926616209046615,-4.089978774519167"
5.183333333333334,903,Human,1,4,3,1558,-5.183333333333334,"-5.3325946621736255,-5.238771744504746,-5.551590129669767,-5.516243211272746"
6.866666666666666,904,Human,2,4,2,1559,-6.866666666666666,"-6.298640273133177,-6.294976702307039,-5.887897143735684,-6.3241274022399265"
3.6666666666666665,905,Human,2,112,10,1561,-3.6666666666666665,"-3.6557817470654204,-3.686475258743958,-3.650516333825998,-3.817389786801009"
5.15,906,Human,1,4,3,1562,-5.15,"-6.028057596405567,-5.660464030839014,-6.063741522988651,-6.10056121750498"
2.066666666666667,907,Human,2,47,3,1563,-2.066666666666667,"-2.0358282960064598,-2.035507316082712,-1.9951945400064797,-2.214101450515412"
5.116666666666666,911,Human,2,1,1,1578,-5.116666666666666,"-5.140951367921384,-5.132236509970964,-5.125324076732044,-5.128995694733513"
6.25,914,Human,1,4,3,1582,-6.25,"-6.2212616222172095,-5.851137700587795,-6.292641569309487,-6.211854493976522"
2.966666666666667,915,Human,0,113,10,1583,-2.966666666666667,"-2.7974618557586703,-3.170336494973139,-3.5114136003874292,-3.2872839485266847"
3.35,916,Human,1,114,3,1584,-3.35,"-2.8318879640553125,-2.311362980623152,-2.8212880389477606,-2.9262667552192947"
5.383333333333334,917,Human,2,4,2,1585,-5.383333333333334,"-6.223914335444405,-6.222682792844561,-6.199812726555363,-6.244021112347023"
2.566666666666667,920,Human,2,4,90,1589,-2.566666666666667,"-2.703355423693407,-2.652667736417358,-2.637908970121088,-2.7570937124508212"
3.9833333333333334,922,Human,1,0,2,1591,-3.9833333333333334,"-4.210917548499788,-4.133701895864894,-4.230433558259017,-4.3404432139135425"
4.066666666666666,925,Human,1,0,2,1594,-4.066666666666666,"-4.188250881833122,-4.137542295208275,-4.157635768113048,-4.321776547246875"
4.416666666666667,926,Human,3,16,9,1594,-4.416666666666667,"-4.405192276824337,-4.447188810153291,-4.307851758761346,-4.219691001936253"
4.283333333333333,929,Human,1,17,5,1599,-4.283333333333333,"-4.283139443549947,-4.254012874247669,-4.2863292170563465,-4.286213065565404"
5.6,930,Human,3,16,9,1601,-5.6,"-5.549832954417514,-5.627712787182158,-5.613203339170198,-5.329276779260825"
4.366666666666666,931,Human,0,16,103,1602,-4.366666666666666,"-4.325583663971042,-4.61612781937665,-4.627170471943538,-4.562569601395015"
4.8,933,Human,1,16,4,1604,-4.8,"-5.276657721091374,-4.925210126082155,-5.404393100126906,-5.395667449721085"
4.316666666666666,934,Human,1,11,3,1604,-4.316666666666666,"-4.934210856150669,-4.357095275397103,-4.720407904558512,-4.814734071916456"
5.8,937,Human,1,4,3,1607,-5.8,"-5.753874129738901,-5.040094364136305,-5.9457894370691475,-6.035291116171647"
4.433333333333334,940,Human,1,11,3,1609,-4.433333333333334,"-4.740576903521668,-4.465736553630798,-4.719901237891845,-4.6884975898955705"
4.333333333333333,942,Human,1,11,3,1613,-4.333333333333333,"-4.539721129402086,-4.38289068555344,-4.415676547364807,-4.416950923228903"
4.283333333333333,943,Human,1,11,3,1614,-4.283333333333333,"-4.544521129402085,-4.3600464699837085,-4.419943214031473,-4.605564256562237"
4.75,944,Human,1,1,1,1615,-4.75,"-4.956658983047861,-4.767667732890903,-4.787716163043727,-4.818445360481725"
4.283333333333333,947,Human,1,11,3,1618,-4.283333333333333,"-4.801456903521668,-4.334168079635313,-4.862715656980143,-4.794632738583122"
5.616666666666666,948,Human,1,4,3,1618,-5.616666666666666,"-5.8213786621736245,-5.6424995642948375,-5.718387069655319,-5.908521521881224"
4.866666666666666,950,Human,3,1,1,1621,-4.866666666666666,"-5.635675448544406,-5.627915184570169,-5.633928619956113,-4.944410896464191"
5.033333333333333,951,Human,1,0,2,1621,-5.033333333333333,"-5.027234701940082,-4.974937789486943,-5.148091877285771,-5.140656990238"
1.7166666666666666,954,Human,3,0,3,1622,-1.7166666666666666,"-1.9353950826379935,-2.2557912476953743,-2.2777800432135815,-1.7268262439294249"
2.9166666666666665,955,Human,0,119,1,1624,-2.9166666666666665,"-2.9343349916187105,-2.959279971371588,-2.970280312937075,-2.9778080289123996"
5.966666666666667,957,Human,0,1,1,1631,-5.966666666666667,"-5.812349190332481,-5.859013001204447,-5.848492706115433,-5.851458359597478"
2.6333333333333333,958,Human,0,4,4,1632,-2.6333333333333333,"-2.6277168007339156,-2.845575589719342,-2.927558564490712,-2.669431194838945"
4.883333333333334,960,Human,0,21,10,1642,-4.883333333333334,"-4.8807755998685245,-5.4108778902718235,-5.4730188980254795,-5.44139570256427"
4.733333333333333,961,Human,0,21,9,1644,-4.733333333333333,"-4.708179241257574,-4.794975487086565,-4.7444154880278875,-4.866503735282053"
4.833333333333333,964,Human,0,21,10,1650,-4.833333333333333,"-4.834170918150457,-5.562084708440635,-5.66622610508705,-5.572038570737316"
5.716666666666667,966,Human,2,4,2,1654,-5.716666666666667,"-5.740753737998483,-5.766262040060507,-5.686651272197873,-5.730027693248746"
5.9,968,Human,3,17,5,1654,-5.9,"-5.909477622308211,-5.906306393986231,-5.906316495923717,-5.90255723440233"
5.083333333333333,970,Human,1,4,3,1657,-5.083333333333333,"-5.1427699943836975,-5.1023168726380375,-5.177214328753874,-5.415085877939413"
2.55,973,Human,0,17,16,1665,-2.55,"-2.5143790181721224,-2.716995839983885,-2.573694367019666,-2.606084037833271"
4.733333333333333,976,Human,1,4,3,1673,-4.733333333333333,"-4.823809994383698,-4.747065234937779,-4.800006696321985,-4.77591979663564"
4.55,979,Human,0,17,5,1679,-4.55,"-4.650323077074754,-5.35848028197083,-5.360420315355069,-5.365841259931388"
4.15,980,Human,0,122,106,1681,-4.15,"-4.28807384634032,-4.365361944569615,-4.795643549954853,-4.903943944886278"
3.7333333333333334,983,Human,2,16,71,1682,-3.7333333333333334,"-3.748660659857868,-3.756564170662694,-3.7436688362996233,-3.781110387070364"
2.4833333333333334,984,Human,0,123,2,1684,-2.4833333333333334,"-2.456845589653013,-2.556090835979412,-2.5250746864620583,-2.5896138716393686"
4.4,986,Human,1,11,3,1688,-4.4,"-4.468049187936428,-4.412968851328731,-4.6552434589174485,-4.436027139359865"
3.6666666666666665,992,Human,3,1,1,1697,-3.6666666666666665,"-4.729884640607338,-4.744592267909339,-4.718122485402996,-4.265808488114217"
5.466666666666667,993,Human,3,21,10,1699,-5.466666666666667,"-5.513909888888006,-5.457621362839779,-5.45961514226499,-5.450319186074715"
4.016666666666667,994,Human,0,21,10,1701,-4.016666666666667,"-5.0698652307322325,-5.220944029506446,-5.272406955865183,-5.180893278551068"
5.466666666666667,995,Human,1,16,10,1702,-5.466666666666667,"-6.18020081118196,-5.531526576630056,-6.165973580707712,-6.246958982056252"
5.183333333333334,996,Human,3,21,9,1703,-5.183333333333334,"-5.177953175233284,-5.206087587109252,-5.2117056303281935,-5.1579075108757"
1.85,998,Human,3,0,3,1709,-1.85,"-1.9467284159713267,-2.2557912476953743,-2.2777800432135815,-1.7790343942693372"
3.433333333333333,999,Human,1,40,9,1710,-3.433333333333333,"-3.5028908938204375,-3.444754202621291,-3.508892809215263,-3.646232849647091"
5.05,1000,Human,1,0,2,1710,-5.05,"-5.216267231039865,-5.0292925898770955,-5.188686010619105,-5.314074636161189"
3.6333333333333333,1001,Human,2,126,108,1712,-3.6333333333333333,"-3.807884913781208,-3.7182563576307417,-3.6333904044396763,-3.7966969879096357"
2.7,1002,Human,0,45,4,1714,-2.7,"-2.6992230724025594,-2.714051004951988,-3.0112912650040573,-3.2363207866554413"
2.0,1003,Human,0,123,2,1717,-2.0,"-2.0397950501097935,-2.152254292530548,-2.389676691410906,-2.2035173395492107"
3.35,1005,Human,0,127,10,1727,-3.35,"-3.3909824038175422,-3.7278561077338495,-3.8234077591100224,-3.851325760101857"
5.333333333333333,1006,Human,1,4,3,1727,-5.333333333333333,"-5.370602442959651,-5.34716241701878,-5.410338711724254,-5.40355961750498"
3.1166666666666667,1009,Human,0,128,9,1743,-3.1166666666666667,"-3.2365892527781464,-3.505757929954112,-3.4927252665840047,-3.3026057725054034"
4.883333333333334,1010,Human,3,17,5,1744,-4.883333333333334,"-4.879930099252115,-4.880315332573627,-4.880046960286405,-4.8751728847291504"
4.9,1012,Human,1,4,3,1748,-4.9,"-4.937544796026318,-4.914092861102646,-4.947886457379404,-4.952403837357217"
4.866666666666666,1015,Human,1,4,3,1753,-4.866666666666666,"-4.9419013288402915,-4.89892238763714,-4.956654503735813,-4.935189769018198"
7.783333333333333,1018,Human,1,130,3,1756,-7.783333333333333,"-7.780582681608292,-7.773921582220978,-7.782583867234243,-7.790303190945632"
4.533333333333333,1020,Human,3,17,5,1760,-4.533333333333333,"-4.541650815434687,-4.540719176631504,-4.53987819794896,-4.529546615565838"
4.616666666666666,1022,Human,1,11,3,1768,-4.616666666666666,"-4.639673099682476,-4.608833163289649,-4.621303673800625,-4.639922366818919"
2.3833333333333333,1024,Human,1,16,109,1776,-2.3833333333333333,"-2.381550826545912,-2.359137328672581,-2.384792113998971,-2.378344171187414"
3.65,1025,Human,0,4,20,1776,-3.65,"-3.70295824044742,-3.7638379034367477,-3.9558354124281783,-3.8948696037288895"
3.966666666666667,1026,Human,0,4,20,1777,-3.966666666666667,"-4.22211264967742,-5.020336004198155,-5.0082282644965606,-5.167880970442526"
3.0,1027,Human,1,11,3,1778,-3.0,"-3.3022725980240906,-3.049138286621212,-3.0853057565718864,-3.251805188598117"
4.283333333333333,1029,Human,1,11,3,1786,-4.283333333333333,"-4.289289507936427,-4.280423857203226,-4.344306127133959,-4.2876449659903155"
2.533333333333333,1030,Human,0,131,5,1790,-2.533333333333333,"-2.5286844630872998,-3.0178009060130893,-3.0972447665726395,-3.0126027452259523"
3.1666666666666665,1032,Human,1,13,2,1791,-3.1666666666666665,"-3.0163110923275,-2.980671555755147,-3.0287937948397508,-3.0095916547756616"
2.283333333333333,1034,Human,0,43,9,1798,-2.283333333333333,"-2.229468333887657,-2.4587571063812135,-2.507572865337928,-2.4609705927182657"
