travel_time,id,kind,action,origin,destination,start_time,reward,cost_table
4.816666666666666,41,AV,1,37,29,396,-3.0817384370015946,"0,0,0,0"
2.683333333333333,31,AV,1,27,6,452,-3.0817384370015946,"0,0,0,0"
2.9166666666666665,255,AV,3,93,57,1673,-3.0817384370015946,"0,0,0,0"
1.8666666666666667,206,AV,2,145,95,367,-3.081738437001595,"0,0,0,0"
2.933333333333333,20,AV,2,15,15,614,-3.081738437001595,"0,0,0,0"
2.05,159,AV,3,115,57,456,-3.081738437001595,"0,0,0,0"
2.1666666666666665,249,AV,0,170,137,1797,-3.0817384370015946,"0,0,0,0"
1.2166666666666666,132,AV,2,3,78,974,-3.0817384370015946,"0,0,0,0"
1.05,492,AV,0,193,2,1226,-3.0817384370015946,"0,0,0,0"
4.583333333333333,120,AV,1,92,79,1081,-3.0817384370015946,"0,0,0,0"
3.0833333333333335,230,AV,3,158,129,518,-3.0817384370015946,"0,0,0,0"
8.0,486,AV,3,28,147,34,-3.0817384370015946,"0,0,0,0"
1.45,368,AV,0,58,181,118,-3.0817384370015946,"0,0,0,0"
4.366666666666666,136,AV,2,102,57,371,-3.0817384370015946,"0,0,0,0"
1.2833333333333334,404,AV,2,240,60,802,-3.081738437001595,"0,0,0,0"
1.65,195,AV,3,97,74,1084,-3.081738437001595,"0,0,0,0"
3.4,88,AV,2,72,64,545,-3.0817384370015946,"0,0,0,0"
5.0,323,AV,0,85,165,688,-3.0817384370015946,"0,0,0,0"
3.8666666666666667,324,AV,0,208,166,1323,-3.081738437001595,"0,0,0,0"
2.216666666666667,512,AV,1,282,152,1042,-3.081738437001595,"0,0,0,0"
2.35,398,AV,3,239,174,592,-3.0817384370015946,"0,0,0,0"
1.75,383,AV,3,166,187,150,-3.0817384370015946,"0,0,0,0"
3.8333333333333335,61,AV,3,50,44,682,-3.081738437001595,"0,0,0,0"
1.2666666666666666,418,AV,1,186,66,509,-3.0817384370015946,"0,0,0,0"
2.033333333333333,440,AV,0,256,60,454,-3.0817384370015946,"0,0,0,0"
3.1333333333333333,87,AV,1,71,48,551,-3.0817384370015946,"0,0,0,0"
3.75,519,AV,0,225,172,196,-3.0817384370015946,"0,0,0,0"
5.516666666666667,169,AV,2,58,2,101,-3.0817384370015946,"0,0,0,0"
1.2666666666666666,58,AV,2,40,42,1336,-3.0817384370015946,"0,0,0,0"
4.566666666666666,313,AV,0,201,161,577,-3.081738437001595,"0,0,0,0"
5.916666666666667,13,AV,3,13,10,1617,-3.081738437001595,"0,0,0,0"
3.066666666666667,504,AV,1,277,214,1001,-3.0817384370015946,"0,0,0,0"
1.85,172,AV,2,126,49,1630,-3.0817384370015946,"0,0,0,0"
6.283333333333333,314,AV,3,202,144,226,-3.081738437001595,"0,0,0,0"
5.483333333333333,370,AV,0,234,185,231,-3.0817384370015946,"0,0,0,0"
4.05,496,AV,3,193,104,185,-3.0817384370015946,"0,0,0,0"
7.116666666666666,208,AV,3,146,118,1608,-3.0817384370015946,"0,0,0,0"
2.65,220,AV,1,153,77,904,-3.0817384370015946,"0,0,0,0"
5.633333333333334,520,AV,3,249,105,672,-3.0817384370015946,"0,0,0,0"
1.1333333333333333,394,AV,1,184,161,373,-3.0817384370015946,"0,0,0,0"
0.5333333333333333,109,AV,2,84,63,450,-3.0817384370015946,"0,0,0,0"
3.1666666666666665,42,AV,2,38,22,1729,-3.0817384370015946,"0,0,0,0"
1.7333333333333334,330,AV,3,22,161,1546,-3.0817384370015946,"0,0,0,0"
0.9833333333333333,384,AV,2,184,0,787,-3.0817384370015946,"0,0,0,0"
1.4333333333333333,462,AV,0,184,130,37,-3.081738437001595,"0,0,0,0"
1.6833333333333333,349,AV,2,225,177,1028,-3.081738437001595,"0,0,0,0"
1.05,137,AV,3,103,69,1800,-3.0817384370015946,"0,0,0,0"
2.7,57,AV,0,43,41,736,-3.0817384370015946,"0,0,0,0"
0.9666666666666667,391,AV,3,219,46,1052,-3.0817384370015946,"0,0,0,0"
2.933333333333333,435,AV,3,254,95,1289,-3.0817384370015946,"0,0,0,0"
1.9333333333333333,171,AV,1,125,105,904,-3.0817384370015946,"0,0,0,0"
4.733333333333333,479,AV,1,263,139,17,-3.0817384370015946,"0,0,0,0"
4.783333333333333,386,AV,2,240,71,1248,-3.081738437001595,"0,0,0,0"
1.45,338,AV,0,217,173,740,-3.081738437001595,"0,0,0,0"
5.766666666666667,457,AV,1,260,172,370,-3.0817384370015946,"0,0,0,0"
5.133333333333334,69,AV,3,58,50,133,-3.0817384370015946,"0,0,0,0"
2.533333333333333,453,AV,1,258,125,681,-3.0817384370015946,"0,0,0,0"
3.3833333333333333,318,AV,0,204,135,1687,-3.0817384370015946,"0,0,0,0"
1.8,447,AV,0,206,36,1116,-3.0817384370015946,"0,0,0,0"
1.3,23,AV,3,21,18,492,-3.0817384370015946,"0,0,0,0"
4.066666666666666,199,AV,0,141,47,1603,-3.0817384370015946,"0,0,0,0"
2.75,301,AV,0,193,83,1250,-3.0817384370015946,"0,0,0,0"
0.5166666666666667,246,AV,0,167,12,1351,-3.0817384370015946,"0,0,0,0"
1.55,379,AV,1,217,188,1434,-3.0817384370015946,"0,0,0,0"
4.3,214,AV,2,151,48,1453,-3.0817384370015946,"0,0,0,0"
1.2333333333333334,39,AV,2,35,2,188,-3.0817384370015946,"0,0,0,0"
5.633333333333334,291,AV,1,58,155,832,-3.0817384370015946,"0,0,0,0"
1.1,375,AV,0,47,181,1136,-3.0817384370015946,"0,0,0,0"
0.8833333333333333,197,AV,1,140,95,76,-3.081738437001595,"0,0,0,0"
0.8666666666666667,6,AV,0,6,5,43,-3.0817384370015946,"0,0,0,0"
5.7,500,AV,2,274,78,515,-3.0817384370015946,"0,0,0,0"
1.9,247,AV,1,168,57,1517,-3.0817384370015946,"0,0,0,0"
4.416666666666667,485,AV,2,268,78,489,-3.0817384370015946,"0,0,0,0"
6.266666666666667,285,AV,2,185,152,289,-3.0817384370015946,"0,0,0,0"
2.55,65,AV,3,54,3,786,-3.0817384370015946,"0,0,0,0"
1.9666666666666666,257,AV,3,173,140,385,-3.0817384370015946,"0,0,0,0"
2.2,215,AV,2,98,45,424,-3.0817384370015946,"0,0,0,0"
1.7333333333333334,377,AV,3,186,132,818,-3.0817384370015946,"0,0,0,0"
2.0,497,AV,0,272,71,563,-3.0817384370015946,"0,0,0,0"
2.7333333333333334,273,AV,2,134,147,1074,-3.081738437001595,"0,0,0,0"
3.066666666666667,425,AV,3,184,126,1771,-3.0817384370015946,"0,0,0,0"
4.116666666666666,93,AV,1,70,66,1298,-3.0817384370015946,"0,0,0,0"
3.966666666666667,261,AV,2,8,143,101,-3.0817384370015946,"0,0,0,0"
8.55,106,AV,1,82,58,1454,-3.0817384370015946,"0,0,0,0"
2.816666666666667,444,AV,3,79,202,246,-3.081738437001595,"0,0,0,0"
3.6666666666666665,312,AV,1,200,40,1079,-3.0817384370015946,"0,0,0,0"
1.45,397,AV,1,105,60,1252,-3.0817384370015946,"0,0,0,0"
1.2,161,AV,2,117,2,1152,-3.0817384370015946,"0,0,0,0"
4.716666666666667,372,AV,2,34,14,50,-3.0817384370015946,"0,0,0,0"
1.6333333333333333,495,AV,2,271,2,912,-3.0817384370015946,"0,0,0,0"
6.9,327,AV,2,210,148,1347,-3.0817384370015946,"0,0,0,0"
2.6333333333333333,475,AV,3,12,16,1006,-3.081738437001595,"0,0,0,0"
3.433333333333333,292,AV,1,190,31,106,-3.081738437001595,"0,0,0,0"
5.216666666666667,281,AV,0,182,31,293,-3.081738437001595,"0,0,0,0"
1.5833333333333333,265,AV,1,134,57,1143,-3.0817384370015946,"0,0,0,0"
4.483333333333333,515,AV,3,186,177,503,-3.0817384370015946,"0,0,0,0"
1.2666666666666666,454,AV,1,227,108,646,-3.081738437001595,"0,0,0,0"
2.55,362,AV,1,233,31,417,-3.081738437001595,"0,0,0,0"
2.0833333333333335,160,AV,1,116,99,79,-3.0817384370015954,"0,0,0,0"
5.116666666666666,193,AV,1,6,0,1652,-3.0817384370015946,"0,0,0,0"
4.35,147,AV,1,94,93,1443,-3.081738437001595,"0,0,0,0"
3.466666666666667,52,AV,3,46,36,846,-3.0817384370015946,"0,0,0,0"
4.7,170,AV,3,124,47,1775,-3.0817384370015946,"0,0,0,0"
8.866666666666667,279,AV,2,82,143,126,-3.0817384370015946,"0,0,0,0"
1.25,148,AV,1,49,83,1629,-3.081738437001595,"0,0,0,0"
1.75,476,AV,1,262,208,1485,-3.081738437001595,"0,0,0,0"
3.65,290,AV,1,189,2,1792,-3.081738437001595,"0,0,0,0"
1.5166666666666666,358,AV,3,104,182,677,-3.081738437001595,"0,0,0,0"
3.3666666666666667,390,AV,0,184,155,1311,-3.0817384370015946,"0,0,0,0"
4.516666666666667,428,AV,1,251,172,490,-3.081738437001595,"0,0,0,0"
6.183333333333334,236,AV,1,162,31,319,-3.0817384370015946,"0,0,0,0"
3.066666666666667,210,AV,0,148,120,184,-3.0817384370015946,"0,0,0,0"
2.6166666666666667,16,AV,2,6,12,399,-3.0817384370015946,"0,0,0,0"
3.816666666666667,316,AV,0,203,57,1652,-3.081738437001595,"0,0,0,0"
1.8666666666666667,203,AV,0,143,116,1578,-3.0817384370015954,"0,0,0,0"
3.3833333333333333,113,AV,0,85,74,1398,-3.0817384370015946,"0,0,0,0"
6.033333333333333,311,AV,3,188,58,922,-3.0817384370015946,"0,0,0,0"
3.8,130,AV,0,100,4,909,-3.081738437001595,"0,0,0,0"
2.3666666666666667,227,AV,2,156,127,262,-3.0817384370015946,"0,0,0,0"
3.3666666666666667,163,AV,0,118,101,677,-3.081738437001595,"0,0,0,0"
2.15,221,AV,0,64,123,214,-3.0817384370015946,"0,0,0,0"
2.65,179,AV,1,130,110,34,-3.0817384370015946,"0,0,0,0"
3.566666666666667,400,AV,1,227,138,1438,-3.0817384370015946,"0,0,0,0"
2.15,467,AV,0,241,207,671,-3.0817384370015946,"0,0,0,0"
4.633333333333334,177,AV,3,12,108,544,-3.0817384370015946,"0,0,0,0"
1.9,366,AV,1,143,47,35,-3.0817384370015946,"0,0,0,0"
2.9166666666666665,5,AV,1,5,4,1037,-3.0817384370015946,"0,0,0,0"
3.3,344,AV,2,222,132,522,-3.0817384370015946,"0,0,0,0"
1.5333333333333334,119,AV,1,91,78,240,-3.081738437001595,"0,0,0,0"
6.516666666666667,54,AV,1,24,38,131,-3.081738437001595,"0,0,0,0"
1.65,154,AV,3,113,2,272,-3.0817384370015946,"0,0,0,0"
3.75,489,AV,1,193,71,508,-3.081738437001595,"0,0,0,0"
1.3,272,AV,3,178,57,1761,-3.081738437001595,"0,0,0,0"
2.6,333,AV,3,214,29,646,-3.081738437001595,"0,0,0,0"
3.033333333333333,380,AV,0,238,14,690,-3.0817384370015946,"0,0,0,0"
1.4833333333333334,155,AV,0,78,95,955,-3.081738437001595,"0,0,0,0"
0.85,473,AV,2,254,132,1089,-3.0817384370015946,"0,0,0,0"
2.0,325,AV,2,209,29,167,-3.081738437001595,"0,0,0,0"
3.683333333333333,445,AV,3,257,172,350,-3.0817384370015946,"0,0,0,0"
1.4333333333333333,494,AV,1,271,2,1614,-3.081738437001595,"0,0,0,0"
6.066666666666666,337,AV,2,121,172,1382,-3.081738437001595,"0,0,0,0"
2.1166666666666667,303,AV,3,195,158,1593,-3.0817384370015946,"0,0,0,0"
2.966666666666667,10,AV,2,10,2,142,-3.0817384370015946,"0,0,0,0"
3.55,63,AV,0,52,46,640,-3.0817384370015946,"0,0,0,0"
1.3333333333333333,198,AV,0,47,115,1638,-3.0817384370015946,"0,0,0,0"
4.016666666666667,144,AV,3,107,92,1526,-3.0817384370015946,"0,0,0,0"
3.85,278,AV,3,169,149,72,-3.0817384370015946,"0,0,0,0"
4.816666666666666,490,AV,3,262,71,1301,-3.0817384370015946,"0,0,0,0"
1.5666666666666667,164,AV,2,119,102,1749,-3.0817384370015946,"0,0,0,0"
7.883333333333334,212,AV,1,94,31,100,-3.0817384370015946,"0,0,0,0"
1.5666666666666667,470,AV,2,245,161,1427,-3.0817384370015946,"0,0,0,0"
1.7,415,AV,2,186,178,1261,-3.0817384370015946,"0,0,0,0"
5.466666666666667,256,AV,1,42,122,159,-3.0817384370015946,"0,0,0,0"
2.4166666666666665,339,AV,0,218,30,1340,-3.0817384370015946,"0,0,0,0"
1.7166666666666666,402,AV,3,202,0,983,-3.0817384370015946,"0,0,0,0"
1.85,381,AV,1,150,189,1347,-3.0817384370015946,"0,0,0,0"
3.3833333333333333,240,AV,1,39,47,387,-3.081738437001595,"0,0,0,0"
3.216666666666667,299,AV,0,192,134,1345,-3.0817384370015946,"0,0,0,0"
1.2833333333333334,405,AV,2,1,161,1024,-3.0817384370015946,"0,0,0,0"
2.783333333333333,232,AV,2,84,126,473,-3.0817384370015946,"0,0,0,0"
2.033333333333333,248,AV,3,169,136,1137,-3.0817384370015946,"0,0,0,0"
3.6166666666666667,518,AV,3,223,71,379,-3.0817384370015946,"0,0,0,0"
4.766666666666667,329,AV,2,212,52,248,-3.0817384370015946,"0,0,0,0"
2.2,185,AV,3,133,65,551,-3.0817384370015946,"0,0,0,0"
3.433333333333333,216,AV,1,98,4,789,-3.0817384370015946,"0,0,0,0"
4.6,173,AV,0,127,106,1015,-3.0817384370015946,"0,0,0,0"
1.2166666666666666,152,AV,2,111,27,1399,-3.081738437001595,"0,0,0,0"
4.816666666666666,80,AV,0,65,59,1538,-3.0817384370015946,"0,0,0,0"
3.3666666666666667,126,AV,3,43,85,78,-3.0817384370015946,"0,0,0,0"
1.4,229,AV,1,143,63,1435,-3.081738437001595,"0,0,0,0"
2.4833333333333334,81,AV,3,66,60,278,-3.0817384370015946,"0,0,0,0"
3.8,410,AV,2,9,8,1151,-3.0817384370015946,"0,0,0,0"
2.15,123,AV,3,95,82,176,-3.0817384370015946,"0,0,0,0"
2.6333333333333333,129,AV,2,99,87,354,-3.0817384370015946,"0,0,0,0"
3.15,149,AV,3,8,37,694,-3.0817384370015946,"0,0,0,0"
1.35,365,AV,2,185,47,1358,-3.0817384370015946,"0,0,0,0"
2.5,202,AV,3,7,30,378,-3.081738437001595,"0,0,0,0"
2.4833333333333334,452,AV,0,32,108,1602,-3.0817384370015946,"0,0,0,0"
1.7166666666666666,409,AV,3,65,30,374,-3.0817384370015946,"0,0,0,0"
1.9833333333333334,461,AV,1,105,148,89,-3.0817384370015946,"0,0,0,0"
3.1333333333333333,209,AV,3,147,119,1473,-3.081738437001595,"0,0,0,0"
4.45,70,AV,2,59,51,895,-3.0817384370015946,"0,0,0,0"
4.5,134,AV,2,94,89,268,-3.0817384370015946,"0,0,0,0"
3.85,226,AV,3,55,126,489,-3.081738437001595,"0,0,0,0"
2.783333333333333,166,AV,0,121,104,98,-3.081738437001595,"0,0,0,0"
2.8,280,AV,2,181,150,469,-3.081738437001595,"0,0,0,0"
5.05,121,AV,1,93,80,721,-3.0817384370015946,"0,0,0,0"
2.3333333333333335,237,AV,3,26,125,1789,-3.0817384370015954,"0,0,0,0"
4.316666666666666,9,AV,2,9,8,1688,-3.0817384370015946,"0,0,0,0"
2.716666666666667,429,AV,3,242,197,1059,-3.0817384370015954,"0,0,0,0"
4.966666666666667,89,AV,3,73,2,1520,-3.0817384370015946,"0,0,0,0"
1.6,217,AV,0,125,121,914,-3.0817384370015946,"0,0,0,0"
3.466666666666667,32,AV,1,28,23,220,-3.081738437001595,"0,0,0,0"
3.4833333333333334,37,AV,1,33,27,1161,-3.0817384370015946,"0,0,0,0"
2.683333333333333,449,AV,3,74,200,821,-3.081738437001595,"0,0,0,0"
3.15,238,AV,0,26,132,491,-3.0817384370015946,"0,0,0,0"
1.1333333333333333,92,AV,2,76,12,1624,-3.0817384370015946,"0,0,0,0"
1.4,407,AV,1,243,0,1389,-3.081738437001595,"0,0,0,0"
2.65,75,AV,1,63,52,1410,-3.081738437001595,"0,0,0,0"
1.0166666666666666,8,AV,3,8,7,1630,-3.081738437001595,"0,0,0,0"
3.45,474,AV,2,117,141,397,-3.0817384370015946,"0,0,0,0"
4.416666666666667,235,AV,0,161,131,810,-3.0817384370015946,"0,0,0,0"
1.5166666666666666,392,AV,2,188,132,1268,-3.081738437001595,"0,0,0,0"
1.7666666666666666,403,AV,0,243,60,323,-3.0817384370015946,"0,0,0,0"
1.6,361,AV,1,232,183,1523,-3.0817384370015946,"0,0,0,0"
5.266666666666667,284,AV,2,184,151,732,-3.0817384370015954,"0,0,0,0"
2.7,140,AV,0,105,90,871,-3.0817384370015946,"0,0,0,0"
5.566666666666666,38,AV,0,34,28,1238,-3.081738437001595,"0,0,0,0"
1.9666666666666666,205,AV,2,23,63,697,-3.0817384370015946,"0,0,0,0"
5.666666666666667,0,Human,1,0,0,590,-5.666666666666667,"-5.66574933749399,-5.649643172115115,-5.669874862220672,-5.66635761440392"
6.866666666666666,1,Human,1,1,1,566,-6.866666666666666,"-6.8961718702706225,-6.891093313085078,-6.902888911746197,-6.892846392432244"
4.716666666666667,2,Human,0,2,2,574,-4.716666666666667,"-4.7335803588523895,-4.780921529011281,-4.778818151955245,-4.770660871696244"
3.033333333333333,3,Human,0,3,3,653,-3.033333333333333,"-3.024161534718431,-3.0745307426772266,-6.436466152014768,-3.066180854995584"
4.1,4,Human,0,4,3,1243,-4.1,"-4.1414605777752085,-4.153305380264641,-4.161223198033157,-4.1854393019192715"
1.4833333333333334,7,Human,3,7,6,1700,-1.4833333333333334,"-1.7462664354988413,-2.120529768959617,-1.746746397101913,-1.490788673135353"
3.5833333333333335,11,Human,3,11,9,1149,-3.5833333333333335,"-3.5660589392848574,-3.606880964223663,-3.5533122150227987,-3.5405156845662207"
1.9666666666666666,12,Human,1,12,2,1545,-1.9666666666666666,"-2.0017897163023792,-1.9839408056874264,-2.0297418728101757,-2.05895771538277"
3.8666666666666667,14,Human,0,14,11,383,-3.8666666666666667,"-3.869304895554985,-3.8830188681978877,-3.9132262864551346,-3.9666891962626543"
3.316666666666667,15,Human,0,15,4,601,-3.316666666666667,"-3.3903101323012677,-3.651232540156196,-3.8415121770874086,-3.5926635453656313"
2.6,17,Human,0,16,13,350,-2.6,"-2.611069894491915,-2.6700831718931726,-2.651502618267044,-2.681428824281997"
2.0,18,Human,0,17,3,950,-2.0,"-2.0212523856158646,-2.0365379279055924,-2.0732005414485295,-2.0477666271370123"
1.9166666666666667,19,Human,0,18,14,1199,-1.9166666666666667,"-1.9351455897557366,-1.9479678372518248,-2.2741540676745857,-2.099988000959923"
2.466666666666667,21,Human,1,19,16,339,-2.466666666666667,"-2.5367419386839454,-2.47680209000243,-2.546557563945285,-2.559796976241901"
3.4,22,Human,1,20,17,112,-3.4,"-3.4514983884629666,-3.3925966742992286,-3.4339248550015284,-3.4234109497735727"
0.9666666666666667,24,Human,2,22,19,1392,-0.9666666666666667,"-1.0124346527093313,-0.9957744816552107,-0.9461897433065305,-1.1432524137942952"
4.233333333333333,25,Human,0,23,20,531,-4.233333333333333,"-4.211271185018942,-4.257677317700714,-4.2552119066848455,-4.308844324183314"
5.35,26,Human,2,24,2,1667,-5.35,"-5.639509888044328,-5.636213426303894,-5.566173962280065,-5.591530803982806"
0.5,27,Human,0,15,14,736,-0.5,"-0.5047527623559593,-1.187616990640749,-0.8749220062395008,-1.4359491240700746"
1.55,28,Human,0,6,14,1792,-1.55,"-1.5439216739569426,-1.5739611231101516,-1.5723234941204707,-1.8790796736261104"
3.85,29,Human,1,25,21,1325,-3.85,"-3.927605298609018,-3.856403649835143,-4.295214951300745,-3.99063138362562"
1.15,30,Human,0,26,22,1252,-1.15,"-1.1557811350914693,-1.201691864650828,-1.2456081900002622,-1.2536957043436523"
2.783333333333333,33,Human,3,29,24,175,-2.783333333333333,"-3.389866903408427,-3.37376892949914,-3.3831125370518156,-2.716668395906332"
2.8666666666666667,34,Human,1,30,25,1140,-2.8666666666666667,"-2.9078171604243925,-2.8713887085118657,-2.9325100568225397,-2.906588738341159"
2.0166666666666666,35,Human,0,31,26,308,-2.0166666666666666,"-2.0094808183362907,-2.478033602496319,-2.178723363049048,-2.8103830145433544"
1.6,36,Human,1,32,3,1776,-1.6,"-1.6502316382648798,-1.623802494756565,-1.6740075876622655,-1.6476821798686687"
2.45,40,Human,1,36,2,1336,-2.45,"-2.4782473093928488,-2.437526706328935,-2.487402412479002,-2.4639766685043534"
0.8666666666666667,43,Human,0,38,14,701,-0.8666666666666667,"-0.8643230343800263,-1.0688504919606432,-1.3815454763618913,-1.2517758579313656"
5.016666666666667,44,Human,0,39,30,694,-5.016666666666667,"-4.990648770047855,-5.019647991940439,-5.0323821966574895,-5.024893176620764"
2.2666666666666666,45,Human,0,40,3,122,-2.2666666666666666,"-2.275925884383052,-2.3205512844347647,-2.4654806815454764,-2.3499033925605954"
2.533333333333333,46,Human,0,41,27,1311,-2.533333333333333,"-2.536264557830262,-2.585016948458637,-2.571946663083374,-2.6026782178965053"
5.233333333333333,47,Human,1,42,31,1066,-5.233333333333333,"-5.305297331823757,-5.2050711901214015,-5.272481575038411,-5.271159005335709"
0.7833333333333333,48,Human,0,43,32,490,-0.7833333333333333,"-0.7875267094350802,-0.8936645068394528,-0.8587473002159828,-0.8861051115910727"
1.7666666666666666,49,Human,3,38,33,239,-1.7666666666666666,"-1.9080596112311015,-1.8321377891101729,-1.955524838012959,-1.7650414905150629"
1.6833333333333333,50,Human,0,44,34,1055,-1.6833333333333333,"-1.6758176971093286,-1.7981560835133192,-1.810648716102712,-1.803505056334989"
4.583333333333333,51,Human,1,45,35,1117,-4.583333333333333,"-4.692142551634202,-4.656476626954965,-4.693744396696555,-4.704747008786061"
3.2666666666666666,53,Human,0,47,37,1746,-3.2666666666666666,"-3.278383091137729,-3.429354448175525,-3.4164964899925603,-3.4049716951377484"
6.033333333333333,55,Human,3,48,39,1762,-6.033333333333333,"-6.026106394448903,-6.032417391042678,-6.065497169956608,-6.006494751159068"
6.95,56,Human,0,9,40,518,-6.95,"-6.900645357322806,-6.960776227637348,-7.025551021268677,-6.976447767249669"
5.9,59,Human,3,19,43,136,-5.9,"-5.940601698676858,-6.030994136711988,-5.947310847486451,-5.906731035857753"
2.783333333333333,60,Human,3,49,34,562,-2.783333333333333,"-2.8801909402447805,-2.8311785476361897,-2.822724483532518,-2.743082936883186"
4.25,62,Human,2,51,45,520,-4.25,"-4.275750188133751,-4.273810263254186,-4.267550174042271,-4.274906772345656"
1.6333333333333333,64,Human,1,53,47,1107,-1.6333333333333333,"-1.6428456817516446,-1.6375100020704632,-1.641703227852477,-1.7346232254371547"
1.4666666666666666,66,Human,0,55,48,642,-1.4666666666666666,"-1.4941702046318963,-1.537387741780658,-1.5915635858375028,-1.5070838736751893"
2.8333333333333335,67,Human,0,56,49,757,-2.8333333333333335,"-2.8342168903561458,-2.929633118461077,-2.916650210334208,-3.084875068288982"
2.5833333333333335,68,Human,0,57,13,1625,-2.5833333333333335,"-2.601867501079836,-2.752437493408088,-4.242026330160964,-2.6457755937667207"
1.7833333333333334,71,Human,0,60,52,1150,-1.7833333333333334,"-1.7704248824596795,-1.7933409163830893,-1.8221029456506952,-1.8101608098215616"
1.8,72,Human,1,61,53,2,-1.8,"-1.8359517802440637,-1.8000000017638949,-1.8252554483376127,-2.123718902511673"
3.783333333333333,73,Human,3,29,22,51,-3.783333333333333,"-3.81956408934984,-3.813681082548962,-3.7927450608392457,-3.783334472710677"
4.116666666666666,74,Human,0,62,54,211,-4.116666666666666,"-4.066223553252922,-4.119574712325662,-4.091236381093551,-4.165788636531386"
3.0833333333333335,76,Human,2,30,55,972,-3.0833333333333335,"-3.104041879114841,-3.096205983314174,-3.0814087368499212,-3.103765272113021"
2.9,77,Human,0,61,56,1281,-2.9,"-2.922702826230895,-2.9485895339656993,-2.963847570863673,-3.0325561156527456"
3.1666666666666665,78,Human,0,46,57,1152,-3.1666666666666665,"-3.1594961602170977,-3.1899260527550686,-3.1845881350198093,-3.2340312115352883"
1.4333333333333333,79,Human,0,64,58,969,-1.4333333333333333,"-1.4048198069137197,-1.4252109431245499,-1.5287640988720903,-1.7314134869210458"
2.0,82,Human,1,67,61,101,-2.0,"-2.0069883341374175,-1.9740759285285008,-2.102597120271817,-2.032259599283856"
0.9166666666666666,83,Human,0,68,62,1301,-0.9166666666666666,"-0.9109755868465068,-0.9559754380869768,-1.3933723863242018,-1.3992399169217542"
3.9833333333333334,84,Human,0,69,63,588,-3.9833333333333334,"-3.9651543083256895,-4.668581758145328,-4.1105379533946405,-4.003730907455303"
2.25,85,Human,0,31,18,441,-2.25,"-2.2695007895837196,-2.314095393497774,-2.3578895060236045,-2.316295267466292"
2.9,86,Human,2,70,3,1278,-2.9,"-2.9743145161168387,-3.105514900086121,-2.8961118387186677,-3.064668795518861"
1.3666666666666667,90,Human,1,74,48,1401,-1.3666666666666667,"-1.4628465963462962,-1.3634160862798872,-1.3754671888153909,-1.5957238840750692"
1.2166666666666666,91,Human,2,75,65,325,-1.2166666666666666,"-1.3178449589357037,-1.2940677540357215,-1.2683475095997698,-1.3110647853554256"
0.9333333333333333,94,Human,0,77,67,331,-0.9333333333333333,"-0.9320776876822535,-0.9536410897245233,-0.9823806828095336,-1.0408751084006889"
1.3666666666666667,95,Human,0,72,68,1220,-1.3666666666666667,"-1.3842910604955776,-2.5590152118154927,-1.4036210381030054,-1.4032790558121337"
1.7666666666666666,96,Human,1,38,69,804,-1.7666666666666666,"-1.7810035689944808,-1.7525762246157883,-1.8384175281977442,-1.9689164866810651"
2.183333333333333,97,Human,0,78,47,1551,-2.183333333333333,"-2.158880523154732,-2.212071330086118,-2.413174819243752,-2.2813005822055246"
1.0833333333333333,98,Human,1,79,3,1797,-1.0833333333333333,"-1.236692965492349,-1.068795449558332,-1.7785098218245154,-1.7265059821316908"
0.7166666666666667,99,Human,0,59,42,1702,-0.7166666666666667,"-0.7254138256891257,-0.8454811615070794,-0.7941984641228701,-0.9199484041276696"
1.1166666666666667,100,Human,0,77,48,1792,-1.1166666666666667,"-1.0434884731887633,-1.0849337690900696,-1.1294671633706013,-1.2648398694053844"
2.283333333333333,101,Human,1,30,34,761,-2.283333333333333,"-2.2809584761544768,-2.269303711934083,-2.313768039093327,-2.372540325203147"
2.283333333333333,102,Human,0,38,52,492,-2.283333333333333,"-2.3546233019431875,-2.381813521914405,-2.3928496674904496,-2.4593048337365366"
3.6,103,Human,1,80,70,1059,-3.6,"-3.6066337554877506,-3.577824338848667,-3.596700650415671,-3.6133836525878835"
1.8666666666666667,104,Human,1,81,71,1489,-1.8666666666666667,"-1.9324308327333815,-1.85616778356615,-1.9691143748500122,-1.918568529493641"
2.15,105,Human,0,40,72,265,-2.15,"-2.1822260922037477,-2.2097965795638523,-2.2676753806959447,-2.2078038546883185"
0.9333333333333333,107,Human,2,36,27,940,-0.9333333333333333,"-0.9969282457403408,-0.9425096232301418,-0.9092060199166984,-1.017886729061675"
1.5333333333333334,108,Human,0,83,48,1153,-1.5333333333333334,"-1.5978710383694783,-1.6670128149748025,-1.7225821934245265,-2.720368168865819"
0.45,110,Human,0,79,73,1350,-0.45,"-0.45499477428780555,-0.4875731849642848,-0.4918671413162916,-0.48061297041704176"
1.3166666666666667,111,Human,0,64,37,763,-1.3166666666666667,"-1.3205130458561247,-1.632067434605231,-2.101756858250861,-1.362962802975762"
2.0,112,Human,0,23,14,431,-2.0,"-1.9241379502348088,-1.9774881980638672,-2.1345552319810817,-1.9712979163364288"
1.15,114,Human,0,86,5,1751,-1.15,"-1.167830216608295,-1.1994799132997365,-1.1791301072817855,-1.2673012718982481"
2.5166666666666666,115,Human,0,87,75,817,-2.5166666666666666,"-2.513631470388067,-2.623951692884258,-2.6204430086986985,-2.604056363254366"
2.033333333333333,116,Human,0,88,74,1177,-2.033333333333333,"-2.029437553471943,-2.074797244536984,-2.041360120037464,-2.0462834915652794"
5.533333333333333,117,Human,1,89,76,353,-5.533333333333333,"-5.677551830934399,-5.58235740722957,-5.692393150047577,-5.704609606470907"
4.033333333333333,118,Human,0,90,77,682,-4.033333333333333,"-4.117176678306497,-4.148388421498192,-4.158137274969497,-4.176425974948025"
6.6,122,Human,2,94,81,402,-6.6,"-7.194706881753337,-6.418705331873215,-6.357611492974796,-6.474002380109356"
0.95,124,Human,2,96,83,8,-0.95,"-0.9525783345332376,-0.9834749757619392,-0.9499999999999997,-1.0136837053035757"
0.8333333333333334,125,Human,0,97,84,908,-0.8333333333333334,"-0.834170412573285,-0.9370347972162225,-0.9181123110151189,-0.8628593808495321"
0.6333333333333333,127,Human,0,76,86,255,-0.6333333333333333,"-0.6333335121514196,-0.6585948310208785,-0.6799760019198465,-0.6646377990880731"
1.2666666666666666,128,Human,0,98,3,855,-1.2666666666666666,"-1.2803511228023117,-1.5711542085929011,-1.5625669748400328,-1.639128668025886"
4.116666666666666,131,Human,2,101,3,305,-4.116666666666666,"-4.153283494009989,-4.150145043865253,-4.147153832110558,-4.148381363379325"
1.4333333333333333,133,Human,0,46,88,29,-1.4333333333333333,"-1.4240740339847804,-1.4634797605274747,-1.465056624074391,-1.452918734503962"
1.3333333333333333,135,Human,1,18,27,656,-1.3333333333333333,"-1.377152074029278,-1.3373223512628714,-1.3588331473002162,-1.3547915257979364"
1.1666666666666667,138,Human,0,104,3,1151,-1.1666666666666667,"-1.1720912735811764,-1.1881980850877074,-1.189984368737695,-1.220876554074414"
3.1666666666666665,139,Human,0,76,2,1319,-3.1666666666666665,"-3.3970615865333738,-3.435876727857174,-3.4384918484387312,-3.436156798126799"
1.5333333333333334,141,Human,1,86,33,391,-1.5333333333333334,"-1.5709546605170148,-1.5178910059465074,-1.65444060475162,-1.5561449484041279"
1.1,142,Human,0,8,91,1291,-1.1,"-1.0893092345093203,-1.1785838444924408,-1.2196371490280775,-1.1773578113750902"
1.9166666666666667,143,Human,3,106,2,1117,-1.9166666666666667,"-1.9731970242380612,-2.02092344612431,-1.922460420182747,-1.9105473061778926"
3.9833333333333334,145,Human,0,91,10,1538,-3.9833333333333334,"-3.62811390770582,-3.658196947116843,-3.6636340053596284,-3.6641872305526992"
1.0,146,Human,0,108,27,1575,-1.0,"-0.9958610847491265,-1.0789774556969718,-1.0875406767458604,-1.12641215262779"
3.55,150,Human,1,109,1,756,-3.55,"-3.6086477972729782,-3.4487072529785503,-3.566196825350731,-3.466408900005976"
2.966666666666667,151,Human,1,110,65,654,-2.966666666666667,"-2.9568571562812265,-2.941857673112958,-3.1291903827618186,-3.17090158536372"
3.1166666666666667,153,Human,1,112,94,259,-3.1166666666666667,"-3.1893370909303362,-3.1709556494227535,-3.2328868251682557,-3.184481571242256"
1.8333333333333333,156,Human,2,114,96,1060,-1.8333333333333333,"-1.92188691096367,-1.9816388476087385,-1.8470889146320393,-2.050790652143512"
1.9,157,Human,0,103,97,460,-1.9,"-1.9439169900748277,-1.9872185319434792,-2.0090446284596517,-1.9788471528695333"
2.8833333333333333,158,Human,1,42,98,1528,-2.8833333333333333,"-2.80535409245273,-2.720323485862551,-2.8019130599225046,-2.7939520638846833"
1.4166666666666667,162,Human,0,97,100,1750,-1.4166666666666667,"-1.3938893549694171,-1.5335856971442288,-3.3805998472417427,-2.041434980431088"
2.95,165,Human,0,120,103,1778,-2.95,"-2.918887683771941,-2.942956887486561,-2.9391451995544586,-2.942451978909957"
1.75,167,Human,2,122,33,1259,-1.75,"-1.7581938385985127,-1.8349602303815695,-1.7470863354336792,-1.881711063114951"
1.2166666666666666,168,Human,1,123,83,1602,-1.2166666666666666,"-1.2623356316057834,-1.2095691877599295,-1.2626368130549557,-1.3569204703623712"
3.683333333333333,174,Human,0,128,83,698,-3.683333333333333,"-3.660267835921378,-3.689950912542258,-3.673529349609327,-3.6629445489343757"
1.2666666666666666,175,Human,1,77,107,1539,-1.2666666666666666,"-1.297788653978284,-1.2688193742579246,-1.36648460340044,-1.2845320330162753"
3.7,176,Human,1,23,83,1612,-3.7,"-3.7223611458863672,-3.6616797318069803,-3.7360435870919266,-3.703921607684635"
2.4166666666666665,178,Human,0,129,109,965,-2.4166666666666665,"-2.38001125803828,-2.420351277130214,-2.3850424817918556,-2.4273604792366696"
4.366666666666666,180,Human,0,131,111,1317,-4.366666666666666,"-4.367923550898363,-4.505558162066229,-4.751536715226598,-4.40572595400715"
0.75,181,Human,0,132,112,1756,-0.75,"-0.7231752741359407,-0.734086766130017,-0.7392241139122028,-0.7363937975367275"
1.5166666666666666,182,Human,2,133,33,928,-1.5166666666666666,"-1.5611739852824575,-1.6696405087592996,-1.5202940367161843,-1.5900276957043438"
5.0,183,Human,1,134,78,172,-5.0,"-5.503109491910431,-5.040559709330945,-5.484982157514864,-5.4828676934678295"
1.4833333333333334,184,Human,0,135,52,193,-1.4833333333333334,"-1.4925941047382936,-1.5178698419301975,-1.5433859841724993,-1.609853117147568"
0.8,186,Human,0,120,42,1451,-0.8,"-0.7986103463923157,-0.8068484343516928,-0.814163129989025,-0.8125798133777612"
0.6833333333333333,187,Human,0,136,100,49,-0.6833333333333333,"-0.7,-0.7242824516853413,-0.7401222359471369,-0.7472207720642476"
3.066666666666667,188,Human,1,137,48,502,-3.066666666666667,"-3.3098959090954514,-3.0600947253194812,-3.084764822774402,-3.3207557506217213"
0.95,189,Human,0,138,113,808,-0.95,"-0.9307290697114249,-1.0018696594497465,-0.9823364858991301,-1.007280594150128"
2.716666666666667,190,Human,0,30,60,575,-2.716666666666667,"-2.72931657770895,-2.93243166774662,-2.92728266476699,-2.9235199656846893"
1.6333333333333333,191,Human,3,139,33,1105,-1.6333333333333333,"-1.6404920994085477,-1.6328295359721348,-1.640880932076136,-1.6291054641420715"
2.7333333333333334,192,Human,3,93,28,1593,-2.7333333333333334,"-2.891690596484946,-2.8833291247937183,-2.8861580993520524,-2.839305514345111"
0.7666666666666667,194,Human,0,87,83,184,-0.7666666666666667,"-0.7259265228961875,-0.7864890808735301,-0.7646863450923926,-0.7867410607151428"
3.566666666666667,196,Human,1,1,114,1501,-3.566666666666667,"-3.7879754545648954,-3.5762349032674177,-5.55323601894422,-3.633524109125852"
0.9666666666666667,200,Human,0,142,83,1784,-0.9666666666666667,"-0.9745467697437096,-1.0236197441774415,-1.1328286320870693,-1.278892946941881"
1.0666666666666667,201,Human,0,115,33,350,-1.0666666666666667,"-1.0111390510843143,-1.073302118289583,-1.0457418098723914,-1.1190068663885828"
2.9,204,Human,0,144,117,1242,-2.9,"-2.919281775119731,-2.931425257550384,-3.0157051711572946,-2.968962553341399"
1.2166666666666666,207,Human,1,29,96,1204,-1.2166666666666666,"-1.2569922726181906,-1.2228968495686567,-1.2531629469642431,-1.3392144948404128"
5.233333333333333,211,Human,3,149,31,1726,-5.233333333333333,"-5.248621698417571,-5.883802572435837,-5.246903775178264,-5.242079099125485"
2.4,213,Human,3,150,95,287,-2.4,"-2.4521358716469126,-2.588909855132382,-2.490043486685153,-2.372598309689092"
1.2166666666666666,218,Human,2,152,57,1792,-1.2166666666666666,"-1.276639539079071,-1.237536505759086,-1.2153502214379799,-1.2747509238623216"
4.866666666666666,219,Human,0,100,122,8,-4.866666666666666,"-4.859030385388237,-4.984206245242023,-4.9222581029000185,-4.879180297126315"
3.3666666666666667,222,Human,0,46,119,307,-3.3666666666666667,"-3.413304679452659,-3.4522419690048487,-3.423319491811161,-3.427273082366268"
3.9,223,Human,1,154,124,766,-3.9,"-4.1103155310688395,-3.927675717519802,-4.129906075560214,-3.958631255211675"
3.15,224,Human,0,155,125,1537,-3.15,"-3.0987068513733234,-3.1054686038255443,-3.1075004504724735,-3.1235026317203323"
3.183333333333333,225,Human,1,6,36,1026,-3.183333333333333,"-3.216675333330452,-3.190993652666692,-3.2344006995090875,-3.210505960087552"
2.05,228,Human,1,157,128,789,-2.05,"-2.534969404916647,-2.3501796583325048,-2.54818369858757,-2.50679630102991"
2.1666666666666665,231,Human,1,23,95,333,-2.1666666666666665,"-2.2104299811835544,-2.1878846404856716,-2.2185620945576203,-2.2078201632948242"
2.433333333333333,233,Human,1,159,126,1477,-2.433333333333333,"-2.5022830950081483,-2.4919636520935926,-2.498910334267378,-2.514300378922461"
5.616666666666666,234,Human,1,160,130,104,-5.616666666666666,"-5.612946660212851,-5.546916771111413,-5.606963326753383,-5.60611981835508"
2.033333333333333,239,Human,0,23,57,1675,-2.033333333333333,"-2.036926577404697,-2.059593852633782,-2.0538145266400933,-2.0802893048391176"
3.533333333333333,241,Human,1,65,41,1057,-3.533333333333333,"-4.102541813646534,-3.55521946782138,-3.772364703424988,-3.5731538923137234"
5.066666666666666,242,Human,2,163,133,1379,-5.066666666666666,"-5.127415160100778,-5.126639444677626,-5.096844059368162,-5.14877407853019"
2.216666666666667,243,Human,3,164,127,1242,-2.216666666666667,"-2.2257576850557625,-2.225924711693632,-2.246434520773892,-2.212136775301957"
3.316666666666667,244,Human,1,165,134,21,-3.316666666666667,"-3.3526462955811915,-3.3259255616169936,-3.511260548904926,-3.3532516331381874"
2.8,245,Human,0,166,135,110,-2.8,"-2.7907464514665166,-2.894390161998004,-2.9203994321007922,-3.032264556045238"
1.65,250,Human,0,76,57,1255,-1.65,"-1.6673448590590336,-1.695516067917462,-1.6852829440900015,-1.6956922914511756"
6.35,251,Human,1,171,138,503,-6.35,"-6.370919310443719,-6.368643909382767,-6.371503698133582,-6.426703182662039"
5.483333333333333,252,Human,2,38,139,571,-5.483333333333333,"-5.560562016921759,-5.559738996057814,-5.530148523223039,-5.550809863267588"
1.95,253,Human,0,131,12,1788,-1.95,"-1.9403702759109287,-1.9547090432731236,-2.097123968742447,-2.0504903175414735"
7.033333333333333,254,Human,0,172,40,259,-7.033333333333333,"-6.9620011427534605,-6.999311828378261,-6.990606689480359,-6.99466404086634"
4.333333333333333,258,Human,2,123,141,269,-4.333333333333333,"-4.348271945379838,-4.356542421819424,-4.329810835272415,-4.353199424567746"
0.43333333333333335,259,Human,0,114,142,1009,-0.43333333333333335,"-0.42169345950659265,-0.4426743270610294,-0.5800993330605494,-0.9684482651459824"
2.2666666666666666,260,Human,0,174,55,1473,-2.2666666666666666,"-2.167346452671723,-2.2011793279830867,-2.2215276094776053,-2.249042742618001"
4.683333333333334,262,Human,1,89,54,960,-4.683333333333334,"-4.70924616969976,-4.659589782036647,-4.737795374784037,-4.710972384824753"
2.95,263,Human,0,22,138,1308,-2.95,"-2.958446643319627,-2.976887102882899,-2.967949533558666,-2.9929840139820847"
3.1166666666666667,264,Human,1,175,47,1316,-3.1166666666666667,"-3.14572227230569,-3.09713141933541,-3.1726226802730526,-3.2645808059331176"
3.283333333333333,266,Human,2,176,4,490,-3.283333333333333,"-3.43390146142044,-3.304907377130802,-3.135377777161695,-3.3741351189114597"
5.2,267,Human,3,134,144,1195,-5.2,"-5.184367756654235,-5.177372189885439,-5.202056751365058,-5.134913633502293"
3.1166666666666667,268,Human,3,3,145,1417,-3.1166666666666667,"-3.156624004766303,-3.1839050663338577,-3.1943890773777524,-3.123334919405795"
3.7333333333333334,269,Human,3,46,10,1646,-3.7333333333333334,"-3.7589487161624335,-3.7591973814547606,-3.7661350347421183,-3.7369451034303878"
4.166666666666667,270,Human,3,6,10,864,-4.166666666666667,"-4.15520063282465,-4.180976095764044,-4.156465093362036,-4.126105268196889"
1.8,271,Human,0,177,146,994,-1.8,"-1.7737471210295046,-1.9205868513417217,-1.8342480621425428,-1.809087380444308"
5.233333333333333,274,Human,1,174,148,1396,-5.233333333333333,"-5.263007342831908,-5.219131295131405,-5.277953709932625,-5.2394138818287885"
5.95,275,Human,3,124,31,244,-5.95,"-5.968156037423958,-6.0156577136418585,-6.017311636908209,-5.943825140201246"
1.0833333333333333,276,Human,0,179,88,1205,-1.0833333333333333,"-1.1077478268319396,-1.3058884132038606,-1.1369059318023726,-1.3970691187474171"
6.233333333333333,277,Human,2,180,14,112,-6.233333333333333,"-6.241275675593205,-6.247839492982003,-6.1697327481790305,-6.340549808542569"
1.3,282,Human,0,101,116,214,-1.3,"-1.2759277067805388,-1.3061970478813538,-1.3475627549796019,-1.316851255857681"
5.133333333333334,283,Human,1,183,83,340,-5.133333333333334,"-5.072373071156784,-5.0491707865763455,-5.076505319070515,-5.087303748285238"
4.533333333333333,286,Human,1,54,153,571,-4.533333333333333,"-4.534719594258686,-4.4948177602378205,-4.551488741357307,-4.547355896498401"
5.783333333333333,287,Human,3,186,5,447,-5.783333333333333,"-5.791899775716151,-5.792266020660066,-5.83473436539915,-5.7502952967225465"
2.433333333333333,288,Human,2,187,147,1241,-2.433333333333333,"-2.51115851233812,-2.512896028996035,-2.4540025170836213,-2.507838523348061"
2.5833333333333335,289,Human,0,188,154,225,-2.5833333333333335,"-2.5475058788968523,-2.553259676654625,-2.610189680226391,-2.5591445151230108"
2.4166666666666665,293,Human,0,169,83,710,-2.4166666666666665,"-2.52649010552696,-2.5428122060694363,-2.546883761232203,-2.555954471900321"
2.75,294,Human,0,23,82,819,-2.75,"-2.745602544036789,-2.7804926167368067,-2.758968973778127,-2.8127938751751294"
2.216666666666667,295,Human,1,191,126,1430,-2.216666666666667,"-2.220431038227636,-2.212050081965006,-2.2208831712553323,-2.2206800922065075"
1.9333333333333333,296,Human,0,164,96,1311,-1.9333333333333333,"-1.9331701848468803,-1.9527419543068925,-1.9666314517195111,-1.9641661448109435"
2.533333333333333,297,Human,3,138,147,39,-2.533333333333333,"-2.550747063503055,-2.5483733307817005,-2.5704854070298016,-2.5333332974806866"
2.6333333333333333,298,Human,0,52,156,893,-2.6333333333333333,"-2.6110651910731355,-2.638603549229222,-2.6492261612114385,-2.680383526966019"
2.85,300,Human,2,138,94,17,-2.85,"-2.8468135545009305,-2.852844716230332,-2.842592586033522,-2.851182795546902"
3.2666666666666666,302,Human,1,194,157,700,-3.2666666666666666,"-3.2999251884861147,-3.2747080247554305,-3.299140226908339,-3.3982470454502653"
3.7333333333333334,304,Human,0,196,159,1312,-3.7333333333333334,"-3.7465032189964207,-3.8150713588963887,-3.8134178422614866,-3.829156624594222"
2.8666666666666667,305,Human,0,197,16,87,-2.8666666666666667,"-2.8407407295833926,-2.872514309969339,-2.8722709852779267,-2.913297240220783"
0.6833333333333333,306,Human,0,198,1,816,-0.6833333333333333,"-0.6894507765869207,-0.8390700124542256,-0.77478690540291,-0.9362079824238224"
4.333333333333333,307,Human,2,117,160,501,-4.333333333333333,"-4.455571246170235,-4.335353727317202,-4.321545155756839,-4.354759256279237"
1.2333333333333334,308,Human,0,109,27,529,-1.2333333333333334,"-1.2347623625764816,-1.2597071167963168,-1.3431317494600434,-1.3391739860811136"
3.45,309,Human,1,199,71,1282,-3.45,"-3.465703911399846,-3.455831153637011,-3.4856504106152433,-3.47250463911633"
1.6166666666666667,310,Human,3,116,135,249,-1.6166666666666667,"-1.738208500789865,-1.664925627663678,-1.7124437515318205,-1.6203764469508415"
4.45,315,Human,3,26,54,428,-4.45,"-4.554855264886633,-4.590562995061871,-4.57551774163529,-4.462925948588213"
5.883333333333334,317,Human,3,117,132,1390,-5.883333333333334,"-7.811935546569613,-6.113136787364162,-6.106020592790759,-6.091710653618735"
2.1666666666666665,319,Human,2,205,162,1755,-2.1666666666666665,"-2.208194907944186,-2.1932555619760685,-2.1728568271903628,-2.2114371955317864"
4.983333333333333,320,Human,2,206,144,1521,-4.983333333333333,"-5.200843974507517,-5.1906045967209185,-5.072615819963588,-5.251847684034755"
2.55,321,Human,1,204,163,334,-2.55,"-2.562275725145647,-2.5430150992382163,-2.567130459352941,-2.5722514842265984"
1.9166666666666667,322,Human,0,207,164,21,-1.9166666666666667,"-1.9166666666666665,-1.955827789776818,-1.9373283140868733,-1.9861621310295177"
2.7,326,Human,0,165,167,1367,-2.7,"-2.809184100651815,-2.84659150708657,-2.845161960025069,-2.857872314798239"
5.55,328,Human,2,211,168,706,-5.55,"-5.630789068220904,-5.623745819950324,-5.59395707103393,-5.6840222467551875"
3.25,331,Human,0,213,169,1034,-3.25,"-3.2711501968533403,-3.3391934091402415,-3.318252702705346,-3.316794711080637"
1.55,332,Human,0,158,126,278,-1.55,"-2.157067770559587,-2.8332748684406934,-2.787560958912998,-2.7862316618647616"
3.1,334,Human,2,96,4,1036,-3.1,"-3.1151295993530237,-3.1660996017528316,-3.07823186105348,-3.146420998471337"
7.833333333333333,335,Human,0,215,170,242,-7.833333333333333,"-7.8836014107282155,-7.923478731660655,-7.937695049847817,-7.905257783999673"
2.7666666666666666,336,Human,0,216,171,1290,-2.7666666666666666,"-2.736597650777919,-2.8049789747669065,-2.786645281657165,-2.807773000953832"
5.366666666666666,340,Human,0,219,5,116,-5.366666666666666,"-5.044667714854495,-5.11352220671337,-5.109833282890335,-5.109630737550472"
5.5,341,Human,1,210,110,1753,-5.5,"-5.513838896252337,-5.490642719780723,-5.510929804108265,-5.512959796381576"
4.216666666666667,342,Human,1,220,174,846,-4.216666666666667,"-4.271797910818393,-4.252432083210559,-4.259076066321705,-4.274539475659488"
7.316666666666666,343,Human,2,221,30,577,-7.316666666666666,"-6.04892916886067,-5.869434444348036,-5.755308365495134,-5.798019528594776"
4.366666666666666,345,Human,1,184,175,1782,-4.366666666666666,"-4.397178243635632,-4.371624348291654,-4.445644387069931,-4.408680378662861"
1.9833333333333334,346,Human,0,223,57,144,-1.9833333333333334,"-1.9999999966322672,-2.022787098321063,-2.0099094337995522,-2.1897609307367025"
6.583333333333333,347,Human,0,24,40,588,-6.583333333333333,"-6.601853466163481,-6.630251816850519,-6.633057460792665,-6.63243351023112"
6.95,348,Human,2,224,176,272,-6.95,"-5.713783679694398,-5.730417396050655,-5.690104371690788,-5.718443095958033"
4.933333333333334,350,Human,3,226,178,1742,-4.933333333333334,"-5.021132402657112,-5.193456438084414,-5.157482260018659,-4.929726191084676"
6.083333333333333,351,Human,0,227,179,883,-6.083333333333333,"-6.049775045562295,-6.101796912817011,-6.109051146346259,-6.100276816418237"
2.75,352,Human,0,228,180,1215,-2.75,"-2.7389657783245243,-3.1430219620830564,-2.76442017370048,-4.330362974802038"
2.283333333333333,353,Human,2,156,125,1090,-2.283333333333333,"-2.2951571682478433,-2.2942395407104255,-2.2861024259898093,-2.2943917150023534"
2.6,354,Human,0,229,108,409,-2.6,"-2.5809257933673635,-2.5998184707702308,-2.5967098148259753,-2.8160685958012657"
8.316666666666666,355,Human,1,230,60,1570,-8.316666666666666,"-8.290438280813934,-8.273346342233754,-8.293833114493298,-8.298249444607903"
0.9,356,Human,1,148,125,1758,-0.9,"-1.1793277275891736,-0.8990775720903342,-0.9285093845241184,-0.9211903549988003"
0.9833333333333333,357,Human,0,24,181,297,-0.9833333333333333,"-0.9758789887161883,-1.0033114329008022,-1.0256611545491485,-1.0059630854489339"
3.1,359,Human,0,24,132,767,-3.1,"-3.102966250991668,-3.1168818917238252,-3.1230846430230947,-3.1201022255645667"
0.75,360,Human,0,231,3,1197,-0.75,"-0.7339181614093615,-0.7734829339694229,-0.8189546298042331,-0.8881206803185718"
3.3333333333333335,363,Human,2,58,49,356,-3.3333333333333335,"-3.3326908547319283,-3.3884877177825783,-3.329434819563274,-3.3542750048062433"
2.55,364,Human,1,79,31,1733,-2.55,"-3.7614630506745765,-2.5430171802614603,-2.563466053820177,-2.561020975910609"
0.7333333333333333,367,Human,0,22,184,876,-0.7333333333333333,"-0.9756179046335052,-1.0504073150580404,-1.1109995934798662,-1.2939249594505888"
1.7333333333333334,369,Human,2,216,47,374,-1.7333333333333334,"-2.0358502338013538,-2.041045453638781,-1.8674516761402216,-1.951314616424526"
2.05,371,Human,1,235,186,1556,-2.05,"-2.09791166597845,-2.084772072091016,-2.1258783030637307,-2.0965120883301753"
4.416666666666667,373,Human,1,236,31,1360,-4.416666666666667,"-4.472790382000959,-4.419325963336592,-4.458085498400437,-4.490043244925397"
3.0,374,Human,1,237,31,314,-3.0,"-3.140933527455899,-3.01723927479187,-3.0291875803390282,-3.076176555717727"
1.5,376,Human,3,143,187,1567,-1.5,"-1.6970821880396258,-1.5403042946055645,-1.6402593218285113,-1.5126221117183227"
3.716666666666667,378,Human,0,91,10,1232,-3.716666666666667,"-3.7509377677485407,-3.78116044719128,-3.7773348032995435,-3.794045993028378"
2.033333333333333,382,Human,0,235,161,109,-2.033333333333333,"-2.024074031211128,-2.04839497511976,-2.0279601587998113,-2.077591171644162"
1.3833333333333333,385,Human,0,239,132,1687,-1.3833333333333333,"-1.3082519726503217,-1.3635261344708984,-1.3583075414667378,-1.3343884940218258"
1.1,387,Human,0,1,132,6,-1.1,"-1.0999999999999999,-1.1025121190304779,-1.2178593712503,-1.1049620044277806"
0.9166666666666666,388,Human,0,227,0,810,-0.9166666666666666,"-0.9446851876418764,-0.9820188526148688,-0.9650159948542587,-0.9670033298519143"
2.1,389,Human,3,241,190,1171,-2.1,"-2.1263910014263674,-2.186646485978755,-2.1695133019832133,-2.111046233950908"
1.4666666666666666,393,Human,0,239,8,241,-1.4666666666666666,"-1.4835198912805245,-1.5113178232067002,-1.675301992402264,-1.5112373982417595"
0.7,395,Human,0,242,0,317,-0.7,"-0.6911939732618502,-0.7259999854084761,-0.8554556049557438,-1.247716224106212"
1.4,396,Human,1,234,178,1077,-1.4,"-1.4320331764818814,-1.3919847359608657,-1.4464118300935929,-1.4101238217715961"
1.3833333333333333,399,Human,0,234,132,1492,-1.3833333333333333,"-1.3896701580286908,-1.463041788528918,-1.4305140964722824,-1.432646965202784"
0.8166666666666667,401,Human,0,1,60,521,-0.8166666666666667,"-0.887331438498881,-0.9181031593315097,-0.9170259275257981,-0.9392116150707944"
5.0,406,Human,1,244,191,401,-5.0,"-4.521963824106628,-4.486868118664484,-4.525571885235094,-4.564253416463861"
5.783333333333333,408,Human,1,245,54,273,-5.783333333333333,"-5.753327711084888,-5.727508330749463,-5.7532622546342544,-5.812404753384627"
3.066666666666667,411,Human,1,1,3,1504,-3.066666666666667,"-4.968935529887492,-3.0555578344313665,-3.101455791325946,-3.0791096592315026"
1.8166666666666667,412,Human,3,219,85,381,-1.8166666666666667,"-1.8745121215534084,-1.9290159007710712,-1.9347999679449592,-1.8207613749714182"
1.2333333333333334,413,Human,0,246,66,387,-1.2333333333333334,"-1.1220638810870551,-1.1600902423775379,-1.2588727621790259,-1.2024897720182386"
5.966666666666667,414,Human,0,247,192,827,-5.966666666666667,"-5.968856330671187,-5.989274845049915,-5.990154405462337,-5.986547648055301"
1.15,416,Human,1,248,193,1545,-1.15,"-1.1779441772082178,-1.1575819546357011,-1.1965809421823395,-2.0956889911453347"
1.8,417,Human,1,249,150,1398,-1.8,"-1.7274372220438452,-1.7062137724561643,-1.739569739424977,-2.8828815818946905"
0.9666666666666667,419,Human,0,188,194,764,-0.9666666666666667,"-1.0174005400678936,-1.045436237101032,-1.100393568514519,-1.2507919366450684"
0.9833333333333333,420,Human,0,186,66,664,-0.9833333333333333,"-0.9912479934932453,-1.0541360403167748,-1.0506239500839931,-1.011642474467003"
1.2666666666666666,421,Human,1,248,193,1697,-1.2666666666666666,"-1.2954000350999075,-1.2770351354467233,-1.3133468870792049,-2.0956889911453347"
3.3833333333333333,422,Human,1,250,195,736,-3.3833333333333333,"-2.9285217775738746,-2.9019024488912244,-2.9430754187873545,-2.92739205346475"
4.85,423,Human,1,186,97,115,-4.85,"-4.897212327429025,-4.847958495869432,-4.884891446670735,-4.895926493500242"
4.333333333333333,424,Human,0,82,196,1296,-4.333333333333333,"-4.332533960726741,-4.4045112592121765,-4.38178304817541,-4.378457956885186"
2.45,426,Human,0,132,31,719,-2.45,"-2.4497689029224166,-2.473542252745921,-2.482321774673537,-2.469418550779725"
1.3833333333333333,427,Human,1,47,64,1399,-1.3833333333333333,"-1.31724983688428,-1.2988126044732118,-1.3305777761429187,-1.326270946050977"
2.566666666666667,430,Human,0,98,4,940,-2.566666666666667,"-2.590477624154596,-2.7086759257869635,-2.6990516763987418,-2.6910492765907263"
4.383333333333334,431,Human,1,252,172,211,-4.383333333333334,"-4.409363280976702,-4.387472933030023,-4.427137035376477,-4.451174437156924"
3.6,432,Human,0,253,198,67,-3.6,"-3.601852880111495,-3.6125836648887715,-3.6419875376856536,-3.611739596576953"
6.266666666666667,433,Human,0,245,1,1706,-6.266666666666667,"-6.255254023377948,-7.742539836522326,-6.276121964244469,-6.310362168939779"
3.533333333333333,434,Human,0,237,0,358,-3.533333333333333,"-3.530975945232773,-3.736462095122337,-3.7035005993492636,-3.6684480439379006"
2.05,436,Human,0,255,199,1382,-2.05,"-1.9216545904757172,-1.9938772093192045,-1.976262419351223,-2.0015622821904833"
3.066666666666667,437,Human,1,214,110,94,-3.066666666666667,"-3.060552860427474,-3.033333525208687,-3.0713585832618513,-3.057949197657826"
1.7166666666666666,438,Human,0,211,108,1032,-1.7166666666666666,"-1.7081451771066454,-1.750926432871711,-1.7678871337500923,-1.7525377751909104"
5.35,439,Human,1,26,198,1644,-5.35,"-5.139927114037024,-5.116728622374758,-5.139477141354285,-5.169112867483994"
3.066666666666667,441,Human,0,89,200,1425,-3.066666666666667,"-3.0583802863878513,-3.098306772130931,-3.0862211215837516,-3.0804936942422714"
5.6,442,Human,1,159,172,795,-5.6,"-5.639967764471457,-5.581806956895401,-5.611828178498195,-5.666410044881949"
5.116666666666666,443,Human,3,159,201,383,-5.116666666666666,"-5.104342113576795,-5.107685692768477,-5.115253576695358,-5.098832946866114"
2.6166666666666667,446,Human,2,52,203,1764,-2.6166666666666667,"-3.708282491738127,-2.765725470775916,-2.6170106872925007,-2.65610677563238"
3.5833333333333335,448,Human,2,217,47,476,-3.5833333333333335,"-3.6283183108016237,-3.6259047905313255,-3.5746928224625787,-3.821849832223545"
2.35,450,Human,0,33,60,186,-2.35,"-2.3170321761055055,-2.3748051818138185,-2.432456082173963,-2.3805798621823815"
1.7166666666666666,451,Human,0,240,18,1050,-1.7166666666666666,"-1.7555835986517623,-1.7764057701244862,-1.774082961039085,-1.7756577388309893"
0.8,455,Human,1,259,132,794,-0.8,"-0.8290381245974605,-0.812960660652772,-0.8633354528437724,-0.8365735541156707"
0.9333333333333333,456,Human,0,184,193,1694,-0.9333333333333333,"-0.9288045500336974,-0.9893064554835613,-0.9600763389776052,-0.9744780417566594"
2.566666666666667,458,Human,1,188,57,251,-2.566666666666667,"-2.5607529988268123,-2.543799964380078,-2.641838886264437,-2.566568720119052"
1.25,459,Human,0,261,110,659,-1.25,"-1.2231609144576308,-1.270283480103691,-1.286070437454113,-1.2845777802488674"
1.5166666666666666,460,Human,0,7,204,1559,-1.5166666666666666,"-1.5283497235847545,-1.5442638306845287,-1.5544465208807883,-1.5613156775217412"
1.6833333333333333,463,Human,0,54,57,77,-1.6833333333333333,"-1.700000038597134,-1.8517610508351052,-1.7662491897137875,-1.7819919302945413"
8.55,464,Human,3,54,205,118,-8.55,"-7.340967563387628,-7.279487531547675,-7.285478456753879,-7.144373282172071"
0.9333333333333333,465,Human,0,184,206,748,-0.9333333333333333,"-0.941941550474619,-0.9532434161007384,-0.9501969966508328,-0.9672155737940968"
1.2333333333333334,466,Human,1,54,66,87,-1.2333333333333334,"-1.2470742477863435,-1.2425926162260228,-1.308102922966163,-1.262730186705064"
0.48333333333333334,468,Human,0,234,6,928,-0.48333333333333334,"-0.47925829886075166,-0.4993104679625631,-0.5323969282457404,-0.5211447084233262"
0.8833333333333333,469,Human,1,105,132,1292,-0.8833333333333333,"-0.9050847415801194,-0.882635375722081,-0.9119932997360213,-1.1046316294696423"
3.0,471,Human,0,217,125,139,-3.0,"-3.0074079684762096,-3.0166487635741754,-3.0298734657896587,-3.043792754936373"
3.8333333333333335,472,Human,1,23,176,1788,-3.8333333333333335,"-3.8397011034935242,-3.814322402195133,-3.8731360843930247,-3.8551761195901224"
4.233333333333333,477,Human,0,117,71,1152,-4.233333333333333,"-4.540226394756962,-4.570250825834596,-4.5689794869256986,-4.560419414504569"
4.233333333333333,478,Human,0,39,209,223,-4.233333333333333,"-4.205213236849346,-4.231310469991691,-4.2423365280723555,-4.2733488617032656"
2.85,480,Human,2,264,40,1021,-2.85,"-2.9128623642908567,-2.9247060235181195,-2.8529618837603437,-2.936288199664027"
0.7333333333333333,481,Human,0,204,210,1249,-0.7333333333333333,"-0.7201988192626954,-0.7561161507079434,-0.7553755699544036,-1.0881569474442043"
3.2,482,Human,2,265,152,795,-3.2,"-3.2960797113779705,-3.261489743236762,-3.218170375110985,-3.2516867005035763"
2.0833333333333335,483,Human,0,266,10,1425,-2.0833333333333335,"-2.0681926636627344,-2.144567833563375,-2.1702447815699353,-2.0916708435203835"
0.9,484,Human,0,267,2,1777,-0.9,"-0.8911186039269674,-0.9212986993040558,-0.9760955123590114,-0.9339227261819054"
1.0166666666666666,487,Human,0,193,211,1341,-1.0166666666666666,"-1.0280345868268308,-1.1444468442524598,-1.0600863930885531,-1.1752867770578352"
3.9,488,Human,0,269,2,1729,-3.9,"-4.242905140592808,-4.269095310661156,-4.254825287219492,-4.267977949242741"
4.233333333333333,491,Human,2,270,71,1761,-4.233333333333333,"-4.416008953920103,-4.414579316306259,-4.403510332335589,-4.432618564051115"
1.05,493,Human,0,193,144,1625,-1.05,"-1.0502204071467416,-1.0680340772738182,-1.068921411087113,-2.06088912886969"
7.733333333333333,498,Human,0,245,212,613,-7.733333333333333,"-7.721613236949615,-7.772369353317647,-7.749946159892888,-7.743475289456693"
1.9166666666666667,499,Human,0,273,213,56,-1.9166666666666667,"-1.9000000001003396,-1.9426253282971595,-1.9183926175525126,-1.9257403302746847"
2.433333333333333,501,Human,1,275,1,1146,-2.433333333333333,"-2.460999068461261,-2.4315586655676307,-2.451418527990606,-2.5089548477676"
3.183333333333333,502,Human,0,197,175,1178,-3.183333333333333,"-3.199760124273266,-3.223975651337178,-3.2211218786382267,-3.2260052778576997"
3.283333333333333,503,Human,1,276,27,821,-3.283333333333333,"-3.2053227485404103,-3.1313448462698923,-3.1995383016628196,-3.2624384152648513"
6.7,505,Human,2,263,215,112,-6.7,"-6.826371398766228,-6.834861809799513,-6.792961089231221,-6.84083916800232"
2.95,506,Human,0,278,216,370,-2.95,"-3.6646292530280093,-3.7851196194147305,-3.7656134219052904,-3.774214145138317"
1.85,507,Human,1,279,71,1499,-1.85,"-1.905895950189492,-1.8785460292939904,-1.917766159101054,-1.9083664248624954"
3.0,508,Human,0,23,4,1455,-3.0,"-3.0076815410638416,-3.057016629854433,-3.031178658133632,-3.2092779909870037"
7.216666666666667,509,Human,2,280,172,132,-7.216666666666667,"-7.304847617155897,-7.290570280945175,-7.146525890231565,-7.301124479561861"
4.933333333333334,510,Human,3,281,66,263,-4.933333333333334,"-4.880261672783123,-4.883103861180446,-4.942990794977713,-4.842842689706209"
2.4166666666666665,511,Human,0,80,152,284,-2.4166666666666665,"-2.4620385661812407,-2.524765306449123,-2.4853812270148294,-2.4837556758628843"
2.8833333333333333,513,Human,0,283,10,755,-2.8833333333333333,"-2.8288160446934776,-2.8838526390196115,-2.8621400640908417,-2.8936176929615542"
2.4833333333333334,514,Human,0,39,40,1686,-2.4833333333333334,"-2.5115334355730297,-2.5248841451281034,-2.5621617797856655,-2.540515114728397"
0.7833333333333333,516,Human,0,151,139,624,-0.7833333333333333,"-0.7671146579542985,-0.7925409167266619,-0.988816894648428,-0.8059812814974803"
0.6833333333333333,517,Human,1,39,217,1224,-0.6833333333333333,"-0.7433751091912648,-0.6934025161340868,-0.7666258699304056,-0.7616270698344134"
5.516666666666667,521,Human,2,184,135,241,-5.516666666666667,"-5.5159946135111575,-5.530847905551348,-5.50112554278366,-5.53506936629091"
2.8333333333333335,522,Human,0,284,125,238,-2.8333333333333335,"-2.8280445127474034,-2.8430307656825375,-2.847315868766602,-2.852435569662302"
