travel_time,id,kind,action,origin,destination,start_time,reward,cost_table
3.183333333333333,183,AV,2,131,119,1221,-3.285141509433963,"0,0,0,0"
2.0833333333333335,310,AV,1,204,1,881,-3.285141509433962,"0,0,0,0"
7.333333333333333,14,AV,1,3,14,355,-3.285141509433962,"0,0,0,0"
1.65,549,AV,1,310,85,451,-3.285141509433962,"0,0,0,0"
1.7166666666666666,130,AV,1,95,38,1189,-3.285141509433962,"0,0,0,0"
2.716666666666667,283,AV,1,157,18,1127,-3.285141509433963,"0,0,0,0"
4.666666666666667,47,AV,1,37,44,852,-3.285141509433962,"0,0,0,0"
2.05,57,AV,1,46,50,1192,-3.285141509433963,"0,0,0,0"
3.183333333333333,574,AV,1,51,47,1244,-3.285141509433963,"0,0,0,0"
3.8833333333333333,305,AV,1,200,35,232,-3.285141509433963,"0,0,0,0"
0.9166666666666666,133,AV,1,97,24,1436,-3.285141509433962,"0,0,0,0"
0.8666666666666667,511,AV,1,167,228,86,-3.285141509433962,"0,0,0,0"
0.9833333333333333,108,AV,1,82,79,1181,-3.285141509433963,"0,0,0,0"
5.55,12,AV,1,11,12,682,-3.285141509433963,"0,0,0,0"
1.55,601,AV,1,119,47,1108,-3.285141509433962,"0,0,0,0"
1.75,300,AV,1,167,18,161,-3.285141509433962,"0,0,0,0"
7.9,492,AV,1,270,17,893,-3.285141509433962,"0,0,0,0"
2.4166666666666665,503,AV,1,223,56,1074,-3.285141509433962,"0,0,0,0"
2.3666666666666667,463,AV,1,284,102,1007,-3.285141509433962,"0,0,0,0"
1.55,360,AV,1,230,7,351,-3.285141509433962,"0,0,0,0"
2.1666666666666665,196,AV,0,139,121,205,-3.285141509433962,"0,0,0,0"
1.5833333333333333,55,AV,1,44,48,931,-3.285141509433962,"0,0,0,0"
2.0833333333333335,268,AV,1,185,160,1769,-3.285141509433963,"0,0,0,0"
2.0833333333333335,508,AV,1,276,229,581,-3.285141509433962,"0,0,0,0"
3.75,122,AV,1,92,91,1384,-3.285141509433962,"0,0,0,0"
3.45,71,AV,2,39,60,659,-3.285141509433963,"0,0,0,0"
1.6,428,AV,1,264,169,261,-3.285141509433962,"0,0,0,0"
6.783333333333333,527,AV,1,122,151,1013,-3.285141509433962,"0,0,0,0"
2.466666666666667,81,AV,1,58,35,612,-3.285141509433963,"0,0,0,0"
2.05,619,AV,1,54,8,459,-3.285141509433963,"0,0,0,0"
4.45,59,AV,1,47,52,240,-3.285141509433963,"0,0,0,0"
3.15,167,AV,1,121,114,1018,-3.285141509433963,"0,0,0,0"
3.25,164,AV,1,119,11,1119,-3.285141509433962,"0,0,0,0"
4.733333333333333,608,AV,1,246,0,307,-3.285141509433963,"0,0,0,0"
9.066666666666666,332,AV,1,92,186,93,-3.285141509433962,"0,0,0,0"
1.6,95,AV,1,73,76,121,-3.285141509433962,"0,0,0,0"
3.6666666666666665,272,AV,1,188,162,1410,-3.285141509433962,"0,0,0,0"
1.2666666666666666,134,AV,1,98,98,399,-3.285141509433962,"0,0,0,0"
4.583333333333333,607,AV,1,34,36,1254,-3.285141509433963,"0,0,0,0"
2.85,453,AV,1,234,56,40,-3.285141509433962,"0,0,0,0"
2.3,249,AV,1,173,151,30,-3.285141509433962,"0,0,0,0"
1.3833333333333333,571,AV,1,36,36,1278,-3.285141509433963,"0,0,0,0"
1.6833333333333333,416,AV,1,259,211,720,-3.285141509433963,"0,0,0,0"
1.7833333333333334,493,AV,1,53,106,1563,-3.285141509433962,"0,0,0,0"
1.1,484,AV,1,294,225,872,-3.285141509433962,"0,0,0,0"
2.183333333333333,329,AV,1,217,21,856,-3.285141509433962,"0,0,0,0"
3.683333333333333,471,AV,1,289,222,1416,-3.285141509433962,"0,0,0,0"
3.433333333333333,339,AV,1,199,180,1345,-3.285141509433962,"0,0,0,0"
2.5833333333333335,630,AV,1,335,103,81,-3.285141509433962,"0,0,0,0"
1.7,67,AV,2,54,58,239,-3.285141509433962,"0,0,0,0"
1.6666666666666667,112,AV,3,21,83,1046,-3.285141509433962,"0,0,0,0"
0.7,232,AV,1,64,141,1382,-3.285141509433963,"0,0,0,0"
6.9,237,AV,1,77,145,179,-3.2851415094339615,"0,0,0,0"
5.5,296,AV,1,50,170,1346,-3.285141509433962,"0,0,0,0"
6.55,92,AV,1,72,74,765,-3.285141509433962,"0,0,0,0"
1.2666666666666666,179,AV,1,130,105,367,-3.285141509433962,"0,0,0,0"
0.9666666666666667,271,AV,0,187,161,18,-3.285141509433962,"0,0,0,0"
3.8666666666666667,199,AV,1,142,126,560,-3.285141509433963,"0,0,0,0"
1.6166666666666667,622,AV,1,84,105,177,-3.285141509433962,"0,0,0,0"
1.25,85,AV,0,26,27,1523,-3.285141509433963,"0,0,0,0"
2.15,181,AV,1,87,48,1408,-3.285141509433963,"0,0,0,0"
4.916666666666667,2,AV,1,1,2,627,-3.285141509433963,"0,0,0,0"
2.9833333333333334,462,AV,1,283,151,930,-3.285141509433963,"0,0,0,0"
1.7666666666666666,514,AV,1,303,56,1798,-3.285141509433962,"0,0,0,0"
7.633333333333334,536,AV,1,11,102,324,-3.285141509433962,"0,0,0,0"
1.6,337,AV,1,167,137,282,-3.285141509433962,"0,0,0,0"
2.9166666666666665,36,AV,1,27,35,218,-3.285141509433962,"0,0,0,0"
2.0833333333333335,267,AV,1,184,159,569,-3.285141509433963,"0,0,0,0"
5.616666666666666,336,AV,1,221,43,928,-3.285141509433962,"0,0,0,0"
1.3833333333333333,328,AV,1,58,184,256,-3.285141509433962,"0,0,0,0"
1.9666666666666666,523,AV,1,306,235,1567,-3.285141509433962,"0,0,0,0"
1.9166666666666667,83,AV,2,65,71,1393,-3.285141509433962,"0,0,0,0"
1.6333333333333333,274,AV,1,26,56,92,-3.285141509433962,"0,0,0,0"
1.9166666666666667,311,AV,1,199,177,1781,-3.285141509433963,"0,0,0,0"
3.6166666666666667,230,AV,1,163,140,1464,-3.285141509433963,"0,0,0,0"
4.1,494,AV,2,66,35,247,-3.285141509433963,"0,0,0,0"
3.95,138,AV,1,102,101,752,-3.285141509433963,"0,0,0,0"
3.816666666666667,634,AV,2,116,252,1013,-3.285141509433963,"0,0,0,0"
2.933333333333333,263,AV,1,157,18,1571,-3.285141509433962,"0,0,0,0"
0.9833333333333333,176,AV,1,4,112,1320,-3.285141509433962,"0,0,0,0"
1.5166666666666666,318,AV,0,210,174,1501,-3.285141509433962,"0,0,0,0"
1.6833333333333333,169,AV,1,21,103,441,-3.285141509433962,"0,0,0,0"
1.5333333333333334,86,AV,1,67,27,1113,-3.285141509433963,"0,0,0,0"
3.5,70,AV,1,56,45,59,-3.285141509433962,"0,0,0,0"
3.6333333333333333,202,AV,1,144,104,799,-3.285141509433962,"0,0,0,0"
3.5833333333333335,372,AV,1,235,11,1743,-3.285141509433962,"0,0,0,0"
1.1833333333333333,352,AV,0,226,180,129,-3.285141509433962,"0,0,0,0"
6.15,524,AV,1,122,151,625,-3.285141509433962,"0,0,0,0"
2.3,151,AV,1,110,106,756,-3.285141509433962,"0,0,0,0"
5.916666666666667,559,AV,1,11,129,306,-3.285141509433962,"0,0,0,0"
1.95,371,AV,1,178,197,602,-3.285141509433962,"0,0,0,0"
2.0166666666666666,480,AV,0,178,211,1231,-3.285141509433963,"0,0,0,0"
6.85,333,AV,1,82,178,103,-3.285141509433962,"0,0,0,0"
4.266666666666667,598,AV,1,317,159,56,-3.285141509433962,"0,0,0,0"
6.616666666666666,591,AV,1,325,85,250,-3.285141509433963,"0,0,0,0"
3.3,529,AV,2,254,122,1020,-3.285141509433962,"0,0,0,0"
6.016666666666667,99,AV,1,75,0,1631,-3.285141509433962,"0,0,0,0"
0.2,44,AV,0,35,24,1773,-3.285141509433962,"0,0,0,0"
1.55,522,AV,1,232,234,175,-3.285141509433962,"0,0,0,0"
2.9,395,AV,1,247,93,870,-3.285141509433962,"0,0,0,0"
8.666666666666666,307,AV,1,3,176,1252,-3.285141509433962,"0,0,0,0"
4.0,29,AV,1,21,29,284,-3.285141509433962,"0,0,0,0"
1.25,115,AV,1,81,86,1026,-3.285141509433962,"0,0,0,0"
2.5,284,AV,1,58,165,882,-3.285141509433962,"0,0,0,0"
1.6666666666666667,24,AV,1,20,24,1010,-3.2851415094339615,"0,0,0,0"
3.8,341,AV,1,223,1,1355,-3.285141509433962,"0,0,0,0"
1.55,49,AV,1,39,46,759,-3.285141509433962,"0,0,0,0"
1.75,220,AV,1,155,133,837,-3.285141509433963,"0,0,0,0"
3.0166666666666666,580,AV,1,46,82,914,-3.285141509433962,"0,0,0,0"
2.3833333333333333,547,AV,1,178,39,28,-3.285141509433962,"0,0,0,0"
2.2,354,AV,1,227,21,466,-3.285141509433962,"0,0,0,0"
3.5,227,AV,1,160,25,228,-3.285141509433962,"0,0,0,0"
4.833333333333333,543,AV,1,11,27,956,-3.285141509433962,"0,0,0,0"
2.45,612,AV,1,46,38,1786,-3.285141509433963,"0,0,0,0"
1.7666666666666666,118,AV,1,71,88,465,-3.285141509433962,"0,0,0,0"
5.466666666666667,586,AV,1,323,8,913,-3.285141509433962,"0,0,0,0"
3.0166666666666666,435,AV,1,27,214,1532,-3.285141509433962,"0,0,0,0"
1.3166666666666667,509,AV,1,192,189,524,-3.285141509433962,"0,0,0,0"
9.433333333333334,419,AV,1,260,142,1375,-3.285141509433963,"0,0,0,0"
3.75,405,AV,1,252,207,512,-3.285141509433963,"0,0,0,0"
6.85,137,AV,1,101,100,171,-3.285141509433963,"0,0,0,0"
2.75,207,AV,1,146,47,1523,-3.285141509433962,"0,0,0,0"
1.8333333333333333,418,AV,1,21,38,59,-3.2851415094339615,"0,0,0,0"
10.8,520,AV,1,11,0,516,-3.285141509433963,"0,0,0,0"
2.3333333333333335,629,AV,1,340,105,43,-3.285141509433962,"0,0,0,0"
6.8,187,AV,1,133,122,753,-3.285141509433962,"0,0,0,0"
1.3333333333333333,423,AV,1,259,82,1653,-3.285141509433962,"0,0,0,0"
1.0666666666666667,602,AV,1,50,114,1379,-3.285141509433962,"0,0,0,0"
8.4,256,AV,3,179,76,1601,-3.285141509433962,"0,0,0,0"
4.866666666666666,518,AV,1,102,151,1697,-3.285141509433962,"0,0,0,0"
3.066666666666667,482,AV,2,2,224,1420,-3.285141509433962,"0,0,0,0"
3.1666666666666665,358,AV,1,229,65,748,-3.285141509433962,"0,0,0,0"
3.6666666666666665,21,AV,1,18,21,745,-3.285141509433962,"0,0,0,0"
1.5166666666666666,293,AV,1,197,169,1180,-3.285141509433962,"0,0,0,0"
6.066666666666666,56,AV,1,45,49,1174,-3.285141509433962,"0,0,0,0"
3.75,208,AV,1,11,115,1560,-3.285141509433962,"0,0,0,0"
1.5166666666666666,165,AV,1,16,112,1574,-3.285141509433962,"0,0,0,0"
6.483333333333333,214,AV,1,151,130,830,-3.285141509433962,"0,0,0,0"
1.6833333333333333,76,AV,1,60,65,1092,-3.285141509433962,"0,0,0,0"
3.5166666666666666,635,AV,1,291,36,1314,-3.285141509433962,"0,0,0,0"
1.7833333333333334,501,AV,1,262,227,467,-3.285141509433962,"0,0,0,0"
1.7833333333333334,265,AV,1,182,27,1157,-3.285141509433963,"0,0,0,0"
2.2666666666666666,567,AV,1,314,11,637,-3.285141509433963,"0,0,0,0"
1.2166666666666666,346,AV,1,166,190,1143,-3.285141509433962,"0,0,0,0"
5.883333333333334,545,AV,3,88,190,235,-3.285141509433962,"0,0,0,0"
5.866666666666666,0,AV,1,0,0,1314,-3.285141509433962,"0,0,0,0"
1.9333333333333333,434,AV,1,268,175,678,-3.285141509433962,"0,0,0,0"
2.5,577,AV,1,21,36,1322,-3.285141509433963,"0,0,0,0"
4.633333333333334,366,AV,1,232,195,813,-3.285141509433963,"0,0,0,0"
3.5833333333333335,309,AV,1,165,64,1610,-3.285141509433962,"0,0,0,0"
2.183333333333333,277,AV,1,65,22,980,-3.285141509433962,"0,0,0,0"
3.4,34,AV,1,26,34,1644,-3.285141509433962,"0,0,0,0"
0.6333333333333333,128,AV,1,15,96,68,-3.285141509433962,"0,0,0,0"
1.5333333333333334,356,AV,1,228,192,669,-3.285141509433962,"0,0,0,0"
5.316666666666666,244,AV,1,159,149,910,-3.285141509433962,"0,0,0,0"
1.8666666666666667,421,AV,1,261,61,95,-3.285141509433962,"0,0,0,0"
1.0,507,AV,1,232,27,1433,-3.285141509433962,"0,0,0,0"
8.7,344,AV,1,225,24,833,-3.285141509433962,"0,0,0,0"
2.8333333333333335,426,AV,1,81,102,1665,-3.285141509433962,"0,0,0,0"
1.7333333333333334,301,AV,1,201,18,1053,-3.285141509433962,"0,0,0,0"
1.5666666666666667,517,AV,1,304,217,1445,-3.285141509433963,"0,0,0,0"
4.9,33,AV,1,25,33,1282,-3.285141509433963,"0,0,0,0"
3.8,143,AV,2,46,86,1563,-3.285141509433962,"0,0,0,0"
8.216666666666667,185,AV,3,88,120,1691,-3.285141509433963,"0,0,0,0"
3.05,384,AV,1,117,102,366,-3.285141509433962,"0,0,0,0"
4.233333333333333,93,AV,1,18,75,621,-3.285141509433962,"0,0,0,0"
1.5166666666666666,201,AV,1,143,47,465,-3.285141509433962,"0,0,0,0"
3.9166666666666665,306,AV,1,194,175,470,-3.285141509433962,"0,0,0,0"
3.283333333333333,611,AV,1,142,127,71,-3.285141509433962,"0,0,0,0"
1.6333333333333333,479,AV,1,111,81,743,-3.285141509433962,"0,0,0,0"
2.316666666666667,345,AV,1,66,6,995,-3.285141509433962,"0,0,0,0"
2.966666666666667,87,AV,1,66,72,1475,-3.285141509433962,"0,0,0,0"
7.0,18,AV,1,16,18,1653,-3.285141509433962,"0,0,0,0"
4.766666666666667,443,AV,1,235,206,1529,-3.285141509433962,"0,0,0,0"
3.0833333333333335,430,AV,1,196,73,1468,-3.285141509433962,"0,0,0,0"
9.466666666666667,564,AV,1,279,32,1599,-3.285141509433962,"0,0,0,0"
1.9833333333333334,170,AV,1,123,8,1086,-3.285141509433962,"0,0,0,0"
2.533333333333333,498,AV,1,300,35,935,-3.285141509433963,"0,0,0,0"
1.95,114,AV,1,87,85,986,-3.285141509433963,"0,0,0,0"
3.2666666666666666,223,AV,1,158,36,689,-3.285141509433962,"0,0,0,0"
1.2666666666666666,396,AV,1,248,52,669,-3.285141509433962,"0,0,0,0"
5.2,9,AV,1,8,9,770,-3.285141509433962,"0,0,0,0"
5.4,398,AV,1,249,151,928,-3.285141509433962,"0,0,0,0"
10.583333333333334,291,AV,1,195,13,946,-3.285141509433962,"0,0,0,0"
2.2666666666666666,66,AV,1,53,57,123,-3.285141509433962,"0,0,0,0"
3.65,162,AV,1,118,15,87,-3.285141509433962,"0,0,0,0"
2.066666666666667,606,AV,1,331,36,1080,-3.285141509433963,"0,0,0,0"
2.4166666666666665,84,AV,3,66,6,1333,-3.285141509433963,"0,0,0,0"
2.716666666666667,342,AV,1,223,37,1448,-3.285141509433963,"0,0,0,0"
3.466666666666667,90,AV,1,70,35,1051,-3.285141509433963,"0,0,0,0"
4.916666666666667,469,AV,0,288,8,1771,-3.285141509433962,"0,0,0,0"
2.15,609,AV,1,332,8,1618,-3.285141509433962,"0,0,0,0"
1.65,117,AV,1,89,87,816,-3.285141509433962,"0,0,0,0"
5.183333333333334,375,AV,1,236,116,561,-3.285141509433962,"0,0,0,0"
8.1,531,AV,1,307,201,240,-3.285141509433963,"0,0,0,0"
6.716666666666667,218,AV,1,147,0,1099,-3.285141509433962,"0,0,0,0"
5.366666666666666,382,AV,1,78,73,516,-3.285141509433962,"0,0,0,0"
5.733333333333333,526,AV,1,227,11,752,-3.285141509433962,"0,0,0,0"
1.7333333333333334,205,AV,1,136,8,613,-3.285141509433963,"0,0,0,0"
2.9833333333333334,313,AV,1,206,179,1306,-3.285141509433963,"0,0,0,0"
1.45,623,AV,1,337,247,1077,-3.285141509433963,"0,0,0,0"
6.8,368,AV,1,105,65,1021,-3.285141509433963,"0,0,0,0"
3.05,361,AV,1,231,194,1099,-3.285141509433963,"0,0,0,0"
1.4,184,AV,1,49,48,1091,-3.285141509433962,"0,0,0,0"
3.566666666666667,349,AV,1,12,115,27,-3.285141509433962,"0,0,0,0"
5.916666666666667,417,AV,1,158,151,467,-3.285141509433962,"0,0,0,0"
5.75,110,AV,3,84,81,409,-3.285141509433962,"0,0,0,0"
3.466666666666667,288,AV,1,194,167,14,-3.285141509433962,"0,0,0,0"
2.2,147,AV,1,36,104,592,-3.285141509433962,"0,0,0,0"
6.716666666666667,456,AV,3,89,1,1464,-3.285141509433962,"0,0,0,0"
7.0,393,AV,1,42,202,142,-3.2851415094339615,"0,0,0,0"
1.9666666666666666,572,AV,1,317,82,1729,-3.285141509433962,"0,0,0,0"
1.1666666666666667,104,AV,1,79,24,837,-3.285141509433962,"0,0,0,0"
0.8666666666666667,50,AV,1,40,47,1344,-3.285141509433962,"0,0,0,0"
4.966666666666667,216,AV,1,153,131,1341,-3.285141509433962,"0,0,0,0"
5.833333333333333,594,AV,1,327,243,472,-3.285141509433962,"0,0,0,0"
3.15,613,AV,1,334,38,1800,-3.285141509433962,"0,0,0,0"
2.2666666666666666,322,AV,1,212,21,1149,-3.285141509433962,"0,0,0,0"
5.8,260,AV,1,92,35,177,-3.285141509433962,"0,0,0,0"
3.783333333333333,615,AV,1,4,245,511,-3.285141509433963,"0,0,0,0"
7.65,401,AV,1,250,189,148,-3.285141509433963,"0,0,0,0"
3.316666666666667,210,AV,1,148,11,990,-3.285141509433962,"0,0,0,0"
3.933333333333333,3,AV,1,2,3,70,-3.285141509433963,"0,0,0,0"
5.866666666666666,225,AV,1,50,137,534,-3.285141509433962,"0,0,0,0"
3.6666666666666665,569,AV,1,315,8,1510,-3.285141509433963,"0,0,0,0"
5.916666666666667,238,AV,1,167,11,471,-3.285141509433963,"0,0,0,0"
2.8833333333333333,464,AV,1,0,44,629,-3.285141509433962,"0,0,0,0"
2.0166666666666666,458,AV,1,280,219,42,-3.285141509433962,"0,0,0,0"
1.9,528,AV,1,229,130,1075,-3.285141509433963,"0,0,0,0"
3.9,392,AV,0,0,43,1552,-3.285141509433963,"0,0,0,0"
0.8,121,AV,1,91,90,1121,-3.285141509433963,"0,0,0,0"
2.0,364,AV,1,59,151,141,-3.285141509433963,"0,0,0,0"
5.916666666666667,437,AV,1,59,215,481,-3.285141509433962,"0,0,0,0"
3.6,391,AV,2,245,144,1567,-3.285141509433962,"0,0,0,0"
6.916666666666667,275,AV,1,189,70,1271,-3.285141509433962,"0,0,0,0"
1.8833333333333333,262,AV,1,181,115,1631,-3.285141509433963,"0,0,0,0"
8.116666666666667,449,AV,0,85,142,793,-3.285141509433963,"0,0,0,0"
1.7333333333333334,621,AV,1,84,103,319,-3.285141509433962,"0,0,0,0"
3.1333333333333333,445,AV,1,274,27,1274,-3.285141509433963,"0,0,0,0"
2.283333333333333,303,AV,1,198,174,659,-3.285141509433963,"0,0,0,0"
1.9166666666666667,378,AV,1,239,56,387,-3.285141509433962,"0,0,0,0"
4.6,254,AV,1,178,76,729,-3.285141509433962,"0,0,0,0"
5.75,152,AV,1,111,1,1403,-3.285141509433962,"0,0,0,0"
1.9,576,AV,1,309,0,1585,-3.285141509433962,"0,0,0,0"
1.9666666666666666,192,AV,1,135,103,660,-3.285141509433962,"0,0,0,0"
3.466666666666667,474,AV,1,290,19,250,-3.285141509433962,"0,0,0,0"
8.233333333333333,317,AV,1,209,0,689,-3.285141509433962,"0,0,0,0"
2.783333333333333,189,AV,1,128,124,50,-3.285141509433962,"0,0,0,0"
1.35,347,AV,1,201,29,571,-3.285141509433962,"0,0,0,0"
4.416666666666667,32,AV,1,24,32,1026,-3.285141509433962,"0,0,0,0"
4.15,258,AV,1,111,156,917,-3.285141509433962,"0,0,0,0"
1.2833333333333334,628,AV,1,339,8,754,-3.285141509433962,"0,0,0,0"
5.633333333333334,406,AV,3,253,48,1555,-3.285141509433963,"0,0,0,0"
2.8333333333333335,593,AV,1,326,103,589,-3.285141509433962,"0,0,0,0"
2.816666666666667,1,Human,1,0,1,1691,-2.816666666666667,"-2.8878999648259134,-2.8223321870711815,-2.895216702913352,-2.881730525137356"
7.65,4,Human,0,3,4,63,-7.65,"-7.617243049108438,-7.768830084268917,-7.657559206553714,-7.679820000375928"
2.25,5,Human,3,4,5,1202,-2.25,"-2.7162150227981767,-2.459604031677466,-2.5165893928485725,-2.318712552223816"
3.5833333333333335,6,Human,0,5,6,0,-3.5833333333333335,"-3.591810116060337,-3.633967244454437,-3.6206107858093968,-3.6114196833098227"
5.766666666666667,7,Human,0,6,7,495,-5.766666666666667,"-5.875568730108737,-6.106276364431338,-6.095574639349316,-6.067224784454197"
2.3333333333333335,8,Human,1,7,8,59,-2.3333333333333335,"-2.394769977441805,-2.3360413335264116,-2.3645958281737465,-2.3738728458075355"
4.116666666666666,10,Human,3,9,10,951,-4.116666666666666,"-6.5541125459883744,-5.826141131433515,-5.467472641690717,-4.109525062948143"
1.9833333333333334,11,Human,0,10,11,124,-1.9833333333333334,"-1.978143888953725,-1.987682170625905,-2.015401583873291,-2.0359924550036"
9.35,13,Human,3,12,13,134,-9.35,"-10.972337973875943,-11.065353921833369,-11.03709086816069,-9.314720169679"
0.95,15,Human,0,13,15,177,-0.95,"-0.9360372705604685,-0.965734534389249,-0.9813456203503721,-0.9732184689224863"
3.3,16,Human,1,14,16,568,-3.3,"-3.406316159345141,-3.2112580274286473,-3.4041425592974903,-4.51990071188704"
2.4,17,Human,0,15,17,1573,-2.4,"-2.4432023662639457,-2.495649373108951,-2.496721761141157,-2.4971124647213774"
3.816666666666667,19,Human,0,4,19,843,-3.816666666666667,"-3.8197818597803037,-3.861482202063836,-3.9199929695224385,-3.8703469028108484"
3.533333333333333,20,Human,3,17,20,996,-3.533333333333333,"-4.000062159844684,-4.0279385778429235,-4.055608969384401,-3.655540917065883"
3.15,22,Human,2,19,22,1598,-3.15,"-3.4253157782378536,-4.730178115003725,-3.2690262336212683,-3.4984832388798646"
1.25,23,Human,0,2,23,241,-1.25,"-1.2569223038621853,-1.279469050040797,-1.3344320806335495,-1.3037301079913606"
2.0166666666666666,25,Human,0,21,25,795,-2.0166666666666666,"-2.0325761645114637,-5.202913388531078,-2.3978045320757695,-2.1160937493372938"
4.616666666666666,26,Human,2,4,26,740,-4.616666666666666,"-4.809759373175209,-4.817760111351093,-4.664748419960324,-4.857852229421647"
4.866666666666666,27,Human,1,4,27,40,-4.866666666666666,"-4.9618014945280144,-4.871540066033182,-4.967856904112105,-4.9250913182569525"
3.4166666666666665,28,Human,0,22,28,385,-3.4166666666666665,"-3.39843158478093,-3.430595011547877,-3.452150134661869,-3.4440752072954175"
3.0166666666666666,30,Human,0,23,30,493,-3.0166666666666666,"-3.0116283715266907,-3.094882379841613,-3.0623231686480805,-3.0857963227261824"
10.383333333333333,31,Human,0,21,31,1043,-10.383333333333333,"-10.410223071921017,-10.59100454517625,-10.577278250422212,-10.58078190906933"
3.75,35,Human,1,9,27,815,-3.75,"-7.271793551650426,-3.7417958606163086,-6.951340400444737,-6.503897096144978"
1.0833333333333333,37,Human,0,28,36,511,-1.0833333333333333,"-1.0814884248372678,-1.1312768358117407,-1.1310602774178067,-1.1463469602240302"
1.0333333333333334,38,Human,0,29,37,1155,-1.0333333333333334,"-1.0316310376221252,-1.0934227021838254,-1.0525595326633073,-1.0638802576433886"
1.75,39,Human,0,30,38,715,-1.75,"-1.7809261133855414,-1.844763709170834,-1.973907860548474,-1.8541249212126398"
4.2,40,Human,3,31,39,922,-4.2,"-4.136196861051117,-4.159961727465515,-4.2786656107511405,-4.088949983387316"
3.683333333333333,41,Human,1,32,1,1558,-3.683333333333333,"-3.280012347862398,-3.3591683868108997,-3.2810154475878193,-3.3243362314510194"
2.3666666666666667,42,Human,0,33,40,592,-2.3666666666666667,"-2.3610473416816165,-2.4039841513146154,-2.3786898109493415,-2.4207028859853135"
2.033333333333333,43,Human,1,34,41,1206,-2.033333333333333,"-4.727910346277826,-2.0306509320071697,-5.299082838028944,-5.057274609707192"
1.9166666666666667,45,Human,0,36,42,552,-1.9166666666666667,"-1.9221519567306733,-1.9494537893198947,-1.9551434793222948,-1.9346457798085597"
2.1166666666666667,46,Human,0,10,43,1512,-2.1166666666666667,"-2.1329733143434164,-2.2124014898008166,-2.241545476361891,-2.259647612191025"
2.216666666666667,48,Human,0,38,45,159,-2.216666666666667,"-2.2279172110765124,-2.3247374442586923,-2.3487408723557284,-2.323680746154256"
3.4,51,Human,3,41,35,1527,-3.4,"-3.4625032378233738,-3.4633025391280308,-3.42755219099454,-3.3949547903839328"
0.8166666666666667,52,Human,0,36,48,887,-0.8166666666666667,"-0.8177916824636695,-0.8718958483321335,-0.8741782577393811,-0.8930570674346053"
1.15,53,Human,0,42,0,904,-1.15,"-1.1664650078599172,-1.1831322489021259,-1.185360850555898,-1.1915188730829889"
1.9166666666666667,54,Human,0,43,15,560,-1.9166666666666667,"-1.912775498228446,-1.9718929647228225,-1.9758561458468928,-1.9939612590352773"
1.9666666666666666,58,Human,0,46,51,258,-1.9666666666666666,"-1.9165090267318527,-1.9621359282776103,-1.9964017148068158,-1.959188025841133"
2.2333333333333334,60,Human,0,48,52,759,-2.2333333333333334,"-2.2468375454962377,-2.3640793856491484,-2.3343798992080638,-2.3836810175185983"
8.883333333333333,61,Human,0,49,53,1410,-8.883333333333333,"-8.862471494126549,-8.896075998730296,-8.908772351631875,-8.95216664688736"
1.75,62,Human,0,50,54,35,-1.75,"-1.7555278457158972,-1.7705350439977987,-1.7766051417929247,-1.7855412444943852"
5.216666666666667,63,Human,0,51,55,27,-5.216666666666667,"-5.253409023419101,-7.315854412330018,-7.413942239003612,-7.088469840519315"
1.8666666666666667,64,Human,0,52,56,1492,-1.8666666666666667,"-1.8786006198759744,-2.1950656974044587,-2.1964461932317283,-2.196991970588213"
1.6333333333333333,65,Human,0,9,0,869,-1.6333333333333333,"-1.62501694268564,-2.238865506421052,-2.2028544053109407,-2.422260519788479"
4.1,68,Human,0,55,0,803,-4.1,"-4.098025771583462,-4.178290760592284,-4.151984219401461,-4.17292343107866"
4.983333333333333,69,Human,0,22,59,798,-4.983333333333333,"-4.990477972333498,-5.021642609317016,-5.0198563521362765,-5.042792558995261"
6.816666666666666,72,Human,2,57,61,965,-6.816666666666666,"-6.841368061889074,-6.829378086817829,-6.763187508337026,-6.843919697081982"
6.85,73,Human,2,3,62,556,-6.85,"-9.430872161848114,-9.49218995170857,-6.866012714870204,-9.642363596841948"
5.45,74,Human,0,58,63,602,-5.45,"-5.47584436891785,-6.398046632546972,-6.222117328122342,-6.149193866967217"
4.0,75,Human,3,59,64,1737,-4.0,"-4.039840858846871,-4.039902274363779,-4.097421052048079,-3.993676289891532"
2.3833333333333333,77,Human,0,40,66,291,-2.3833333333333333,"-2.420490129535036,-2.488533691745621,-2.4704649642575935,-2.5488285097192227"
2.6,78,Human,0,61,67,975,-2.6,"-2.5882611327646927,-2.6958881298737705,-2.6769827883667308,-2.67777354203197"
1.7166666666666666,79,Human,1,62,68,406,-1.7166666666666666,"-1.9174797660044194,-1.767398072525684,-1.966358583504139,-1.9143383600044674"
3.0,80,Human,1,63,69,326,-3.0,"-3.115870523753109,-2.9924557356867116,-3.2488755689808633,-3.1052526296411034"
7.6,82,Human,3,64,70,1299,-7.6,"-7.692763765349261,-7.774471918825627,-7.6884852758687225,-7.59929116962469"
0.75,88,Human,0,68,1,1770,-0.75,"-0.7456859012048374,-0.8164358543417368,-0.799200020477153,-0.8070798338156057"
2.283333333333333,89,Human,3,69,73,105,-2.283333333333333,"-2.2133967188879238,-3.9431897821083255,-2.2349303085111107,-2.203773702105305"
2.0833333333333335,91,Human,1,71,0,1548,-2.0833333333333335,"-3.075555488315933,-2.111417817918033,-2.1758701422559437,-2.2024897689001737"
2.066666666666667,94,Human,0,65,1,1310,-2.066666666666667,"-2.075865247725405,-2.132552947410786,-2.51083142113044,-3.497011464620749"
3.8833333333333333,96,Human,1,74,77,848,-3.8833333333333333,"-3.7927091138392233,-3.7565868400486333,-3.8115359324214073,-4.6116136309095275"
2.45,97,Human,0,11,35,852,-2.45,"-2.443420137487049,-4.29547315422687,-2.6163454232248284,-2.6353686448558467"
5.516666666666667,98,Human,0,18,31,1452,-5.516666666666667,"-5.498879201029217,-5.601620269465392,-5.770144573852633,-5.699652658138384"
4.383333333333334,100,Human,0,76,78,669,-4.383333333333334,"-4.367650449645664,-7.303788504428969,-4.411486600606782,-4.532820841479398"
6.816666666666666,101,Human,0,77,1,1693,-6.816666666666666,"-6.823082557397136,-6.838749755828369,-6.894771593462115,-6.843357749680782"
8.05,102,Human,2,78,35,275,-8.05,"-8.164857352638544,-8.155756970623447,-8.071578202567881,-8.217578772642266"
10.666666666666666,103,Human,0,18,36,1175,-10.666666666666666,"-10.652559631459452,-12.499483927244418,-11.111498128374098,-11.117247484773921"
1.9166666666666667,105,Human,0,40,52,881,-1.9166666666666667,"-1.9339043151761441,-1.9921661912742985,-2.017695992320615,-2.015084551955844"
1.0333333333333334,106,Human,0,80,27,0,-1.0333333333333334,"-1.0248793573614343,-1.167007776685353,-1.0634760957726415,-1.0653526751558684"
1.1666666666666667,107,Human,0,81,24,785,-1.1666666666666667,"-1.1501110703742765,-1.1904454169702823,-1.206414985553156,-4.647775377969763"
3.05,109,Human,0,83,80,866,-3.05,"-3.073467511054551,-3.130923731951045,-3.108954305481655,-3.106283465322775"
0.45,111,Human,0,85,82,146,-0.45,"-0.441054172288616,-0.5554955603551717,-0.4800995920326373,-0.5856371490280778"
1.6166666666666667,113,Human,1,86,84,1209,-1.6166666666666667,"-1.7897800270698347,-1.6928602895658118,-1.7986889640700747,-3.906238583153348"
2.3666666666666667,116,Human,3,88,52,113,-2.3666666666666667,"-2.450099629635456,-2.459648445404368,-2.5033187425006003,-2.359685014370909"
1.7166666666666666,119,Human,0,9,89,1665,-1.7166666666666666,"-1.7122311784254447,-3.430509488928457,-1.7380279094175153,-2.99394879099141"
1.0833333333333333,120,Human,0,90,67,1721,-1.0833333333333333,"-1.06920531710518,-1.1117503202265422,-1.1287610539956807,-1.1946172306215503"
1.6166666666666667,123,Human,0,21,92,843,-1.6166666666666667,"-1.6156891251060523,-1.7912863160576784,-1.7109974905711252,-1.7486909343548813"
3.9,124,Human,1,93,93,1116,-3.9,"-3.937473022354543,-3.9059810098763865,-3.943066594362632,-4.018478044028404"
2.4833333333333334,125,Human,0,21,94,732,-2.4833333333333334,"-2.471354644228704,-2.5185626269028085,-2.519057423792116,-2.5532715281389633"
0.9166666666666666,126,Human,0,15,95,323,-0.9166666666666666,"-0.9279371333015634,-0.9716499144708424,-0.954542583153348,-0.9687119443244541"
2.933333333333333,127,Human,0,94,48,1521,-2.933333333333333,"-2.9766064930487532,-3.1299321157667395,-3.0811494065842293,-3.154114000940725"
1.4666666666666666,129,Human,0,21,97,268,-1.4666666666666666,"-1.4771284004399976,-1.5042843754835615,-1.5046207075320128,-1.541451277177826"
1.9,131,Human,0,40,8,576,-1.9,"-1.8872024213314096,-2.1876265898728104,-2.1728821694264457,-2.0048191308855294"
2.55,132,Human,0,96,17,151,-2.55,"-2.5545140435940414,-2.619444099110664,-2.6183460772994165,-2.595282732686528"
1.1,135,Human,0,99,97,667,-1.1,"-1.1008126657624102,-1.126891127573564,-1.1322295700119993,-1.1333466378689705"
2.433333333333333,136,Human,2,100,99,194,-2.433333333333333,"-2.4772760835133196,-2.473896602596583,-2.433023629758368,-2.476486386945045"
1.35,139,Human,1,103,24,1630,-1.35,"-1.3673254967299384,-1.3538251866220898,-1.3696597851663117,-1.3688506838592756"
1.65,140,Human,1,104,48,1324,-1.65,"-1.6696140398425396,-1.6520221041067007,-1.6768851451883848,-1.7160422366210706"
5.883333333333334,141,Human,1,104,102,710,-5.883333333333334,"-5.708092594192467,-5.502334429850191,-5.68410946964243,-5.663698316870652"
0.9666666666666667,142,Human,0,86,43,892,-0.9666666666666667,"-0.9813767279468706,-1.0867939180125752,-1.0771831800536378,-1.0892207151427886"
1.9,144,Human,0,105,84,1573,-1.9,"-1.914366190764662,-1.9449599425581958,-1.924829291965686,-2.8909761356237564"
0.65,145,Human,0,106,103,490,-0.65,"-0.6587469215562521,-0.6969913513990882,-0.7229793136549076,-0.6878080153587712"
1.25,146,Human,2,40,84,1005,-1.25,"-1.3484871610271179,-1.3200040124790018,-1.2461719254763608,-1.3293304535637152"
2.933333333333333,148,Human,0,107,90,530,-2.933333333333333,"-3.1320207604601613,-3.5205496201883353,-3.568853661419155,-4.920844102711783"
3.4166666666666665,149,Human,0,108,40,228,-3.4166666666666665,"-3.4011817473788275,-3.4298893127401735,-3.4643207898812873,-3.4167102305888197"
2.15,150,Human,0,109,105,1226,-2.15,"-2.1868107742951217,-2.244685459164061,-2.270761219102472,-2.28683391600672"
3.75,153,Human,0,112,107,743,-3.75,"-3.65460951008908,-3.7380704442545225,-3.7540806477049635,-3.749174066714664"
2.966666666666667,154,Human,0,25,108,570,-2.966666666666667,"-2.9411569402467177,-3.0343750066714668,-3.759149268058555,-2.987901975843631"
4.4,155,Human,1,113,88,168,-4.4,"-4.212085883609135,-4.074316581460717,-4.10527088794535,-4.091396202337007"
1.5666666666666667,156,Human,0,2,109,906,-1.5666666666666667,"-1.5373505937279308,-1.541175584339429,-1.549698792292201,-1.567121045164387"
2.8,157,Human,0,114,110,1274,-2.8,"-2.833947989739004,-2.9248747049323702,-2.972515581665467,-2.998725071466283"
1.4166666666666667,158,Human,0,115,15,570,-1.4166666666666667,"-1.3868916268493727,-1.4768800500204466,-1.4926589843689948,-1.4848025556995441"
0.9833333333333333,159,Human,0,4,87,1470,-0.9833333333333333,"-0.997784398202933,-1.0547184978904673,-1.0390699112071036,-1.0442133879798419"
4.466666666666667,160,Human,0,116,111,693,-4.466666666666667,"-4.42413799436009,-4.4821990573554125,-4.477238873050157,-4.504388295147974"
2.85,161,Human,2,117,0,675,-2.85,"-6.455577820980219,-4.694990465750679,-2.8947292833680276,-7.200631145187954"
1.6166666666666667,163,Human,0,21,105,717,-1.6166666666666667,"-1.6397821187525405,-1.7850865803138185,-1.803894024478042,-1.8389105255579554"
5.266666666666667,166,Human,2,120,113,244,-5.266666666666667,"-5.393105857741135,-5.393176009053468,-5.253659760734781,-5.428265524032015"
1.95,168,Human,0,122,0,1017,-1.95,"-1.9567275522886263,-2.009827606834072,-2.0140718805499227,-2.0486000090289807"
5.783333333333333,171,Human,0,82,115,1795,-5.783333333333333,"-5.785654021281438,-8.066645305263016,-8.23950147402847,-6.470348055325191"
0.7666666666666667,172,Human,0,124,97,1050,-0.7666666666666667,"-0.7709523877307117,-1.1184305255579552,-0.8185083753299739,-2.009491240700744"
5.4,173,Human,2,125,116,633,-5.4,"-5.893172647752436,-5.8669869601994264,-5.4044384654986235,-9.37513866090713"
1.2333333333333334,174,Human,0,126,103,15,-1.2333333333333334,"-1.2283672892111945,-1.2359698026221757,-1.2587016654667629,-1.2516195824334053"
3.4166666666666665,175,Human,2,127,82,1374,-3.4166666666666665,"-3.6817446604271673,-3.6281286297096242,-3.415791548228329,-3.5775166786657078"
4.0,177,Human,2,128,82,439,-4.0,"-4.319619390448765,-4.2512060475162,-4.002367229060605,-4.2241922726181915"
0.75,178,Human,0,129,117,521,-0.75,"-0.7499631198297987,-0.7751563234941206,-0.8287685145188386,-0.8655752339812814"
2.3333333333333335,180,Human,1,20,118,96,-2.3333333333333335,"-2.4180746639020883,-2.3818783753675348,-2.4340628941684668,-2.4449616510679144"
1.9666666666666666,182,Human,0,15,8,1055,-1.9666666666666666,"-1.9663631347299886,-2.0162562718809696,-1.9976734348932088,-1.9929587060235188"
3.0833333333333335,186,Human,1,132,121,205,-3.0833333333333335,"-3.1737777239766176,-3.107518021523561,-3.1751951774367937,-3.2257750247180232"
6.15,188,Human,1,3,123,1353,-6.15,"-6.206288100668107,-6.1485119957486685,-6.221786064824575,-6.1744709893849326"
3.566666666666667,190,Human,0,134,119,290,-3.566666666666667,"-3.6239038026324795,-3.7950321484683283,-3.802947026262809,-3.7664497093083766"
1.65,191,Human,0,133,105,1508,-1.65,"-1.6604782601137793,-1.7085428365730744,-1.7334969042476605,-1.678991541540677"
2.0833333333333335,193,Human,1,136,97,1010,-2.0833333333333335,"-2.6568154547636196,-2.077568378552443,-2.411471082313416,-2.5851571874250068"
1.8833333333333333,194,Human,1,137,125,1101,-1.8833333333333333,"-1.9647766546676266,-1.8703091437573902,-1.962517014638829,-1.8949559875209985"
2.566666666666667,195,Human,0,138,109,394,-2.566666666666667,"-2.5974325933668068,-2.657400087914027,-2.650442079076938,-2.69347804063547"
0.8833333333333333,197,Human,0,140,48,1107,-0.8833333333333333,"-0.8909151618117549,-0.9380822654187665,-0.9341108880249581,-0.946161747060235"
5.25,198,Human,1,141,57,320,-5.25,"-7.8881618485727,-5.22004885589877,-8.094238232680132,-8.025298197580966"
4.033333333333333,200,Human,0,79,127,1135,-4.033333333333333,"-4.086007533935707,-4.28648367522962,-4.288913949223189,-4.5244600917975175"
2.3333333333333335,203,Human,0,135,105,368,-2.3333333333333335,"-2.3393787829262025,-2.8082193424526034,-2.44254221838253,-3.5397888168946485"
1.8833333333333333,204,Human,0,145,0,91,-1.8833333333333333,"-1.878125003620923,-1.9320034812084579,-1.8968789064936193,-1.989495654826822"
1.9,206,Human,3,46,128,1213,-1.9,"-1.9486024478041757,-1.9254839844492444,-1.9373511495080395,-1.887482463482669"
4.166666666666667,209,Human,3,147,44,1022,-4.166666666666667,"-4.2305350358531335,-4.244323033357332,-5.894036477081833,-4.14990944649062"
3.566666666666667,211,Human,1,149,97,1572,-3.566666666666667,"-3.590973387319415,-3.5574804525899575,-3.6056460029358304,-3.6368635891528687"
1.7333333333333334,212,Human,1,150,105,1680,-1.7333333333333334,"-1.75610581026539,-1.707696856752323,-1.7796963772114234,-1.753442360719405"
4.066666666666666,213,Human,2,4,129,372,-4.066666666666666,"-4.133201875305977,-4.182005813294937,-4.0774405827365205,-4.118960313656828"
9.5,215,Human,2,152,70,741,-9.5,"-9.568453384393775,-9.665837101211356,-9.482355267157184,-9.601006232525869"
4.716666666666667,217,Human,0,154,132,971,-4.716666666666667,"-4.712137898151317,-4.764592457432601,-4.798547391004337,-4.758703178027064"
5.6,219,Human,0,12,104,516,-5.6,"-5.616272985101082,-5.758336378593714,-5.690719598214543,-5.633386920474184"
2.95,221,Human,3,156,134,661,-2.95,"-3.161950294277809,-3.3480246749512967,-3.1468247119939265,-2.9349929490178903"
6.7,222,Human,2,157,135,203,-6.7,"-6.811063314143904,-6.874740009791798,-6.712977277937783,-6.859406896967686"
5.35,224,Human,1,159,136,19,-5.35,"-5.4547964677677285,-5.329572785517622,-5.4794784932056935,-5.799360902612939"
6.283333333333333,226,Human,0,113,138,510,-6.283333333333333,"-6.291017733868036,-6.74408731885451,-7.831461215538271,-6.59655938447978"
3.55,228,Human,0,161,11,1242,-3.55,"-3.5557120083049414,-3.739500052795777,-3.6640482852123837,-3.625507193205669"
3.6666666666666665,229,Human,0,162,139,264,-3.6666666666666665,"-3.673435923369363,-3.8958522930837374,-3.956192904951258,-3.9389654322576098"
7.616666666666666,231,Human,2,11,11,1747,-7.616666666666666,"-7.735732496201066,-7.663094164541507,-7.62902314319875,-7.742534218444755"
7.65,233,Human,0,76,79,1522,-7.65,"-7.585259390619243,-7.619658932484664,-7.626078303954802,-7.708479861560239"
4.783333333333333,234,Human,0,164,142,862,-4.783333333333333,"-4.784496574888697,-4.809336998746969,-4.817752939241448,-4.805240683398133"
3.216666666666667,235,Human,3,165,143,448,-3.216666666666667,"-4.076214814341369,-4.403479456854129,-4.396395577430768,-3.2162598043478474"
2.4166666666666665,236,Human,2,166,144,1120,-2.4166666666666665,"-2.600967433676413,-2.6562254130380643,-2.43593088781968,-2.678463636860447"
2.15,239,Human,2,27,116,259,-2.15,"-3.5747789182034504,-3.6712654835037233,-2.1610676501070656,-3.6807294997567483"
0.7166666666666667,240,Human,0,168,146,216,-0.7166666666666667,"-0.7321270655629264,-0.8123848634608604,-0.863169684571049,-0.8400882377654613"
3.2333333333333334,241,Human,0,169,147,502,-3.2333333333333334,"-3.2374951068378985,-3.292187307895369,-3.414196121288714,-3.446555049696743"
1.2166666666666666,242,Human,0,170,27,94,-1.2166666666666666,"-1.2264852687403192,-3.6379971665781845,-4.101903403785711,-4.148690929171353"
1.8166666666666667,243,Human,0,171,148,635,-1.8166666666666667,"-1.8221850311331709,-1.8932932045180428,-1.8858688846267377,-1.8487618271242343"
2.7333333333333334,245,Human,1,77,150,55,-2.7333333333333334,"-4.226351526034472,-2.745201273611748,-4.3122835325994,-4.71805455061108"
2.3333333333333335,246,Human,0,172,1,1624,-2.3333333333333335,"-2.4189621934050334,-2.59988727368097,-2.598684531265279,-2.6222010391553656"
1.5,247,Human,0,93,151,1176,-1.5,"-1.501787333096772,-1.5588877201053213,-1.6436012508035978,-1.5844606078440289"
1.2833333333333334,248,Human,0,47,152,1296,-1.2833333333333334,"-1.308848122684346,-1.3828742585705656,-1.4103759051499105,-1.3730630463540527"
2.1,250,Human,0,174,73,594,-2.1,"-2.081685262572167,-2.182786405724806,-2.165927571590853,-2.2315256809827853"
5.25,251,Human,1,175,153,385,-5.25,"-4.928502099608421,-4.888877909323663,-5.004670255712945,-4.95384519182376"
1.45,252,Human,0,176,73,811,-1.45,"-1.437548309774272,-1.4610114883108185,-1.548863426558639,-1.4480051075193052"
2.2,253,Human,0,177,151,1039,-2.2,"-2.1941690641705507,-2.2182777146013026,-2.2202673909082393,-2.270526537795652"
1.5333333333333334,255,Human,0,47,154,1136,-1.5333333333333334,"-1.5405641283321807,-1.5654541982066192,-1.564414104801432,-1.581143352114398"
7.116666666666666,257,Human,3,113,155,340,-7.116666666666666,"-7.284818660724156,-7.419634019064075,-7.287752315356887,-7.172073655632616"
2.716666666666667,259,Human,0,180,142,1538,-2.716666666666667,"-2.695624304314819,-2.7812440048069638,-2.781584845221568,-2.742143682693315"
5.183333333333334,261,Human,0,11,157,1227,-5.183333333333334,"-5.167078983198831,-5.257881606530689,-5.204027011124193,-5.228589189918067"
2.1666666666666665,264,Human,0,60,130,1127,-2.1666666666666665,"-2.1679941065930617,-2.212640664211562,-2.191896639412538,-2.2750566017638487"
5.366666666666666,266,Human,0,183,158,467,-5.366666666666666,"-5.373114632412606,-5.398355193698204,-5.472553226234879,-5.401426870995598"
3.3833333333333333,269,Human,0,186,35,795,-3.3833333333333333,"-3.3801675820343817,-3.621798329504421,-3.9590104579898777,-3.5956740192482886"
1.5666666666666667,270,Human,0,157,65,1033,-1.5666666666666667,"-1.576107825476659,-1.6381300695944327,-1.619053287125728,-1.6228500759159892"
7.883333333333334,273,Human,1,169,116,885,-7.883333333333334,"-7.905026414426192,-7.883950593564437,-8.128331780816959,-7.907351973396438"
1.6,276,Human,0,190,35,755,-1.6,"-1.6090706018531262,-1.6373591599063149,-1.7952213191081532,-1.642576098698423"
1.9833333333333334,278,Human,0,191,35,72,-1.9833333333333334,"-1.9608747704999792,-2.0188313490528325,-2.0496106985385367,-1.9926979663740365"
1.0,279,Human,0,62,163,1117,-1.0,"-1.0090685463748172,-1.0775727313773604,-1.5451589130972765,-1.095931622469002"
2.9,280,Human,1,47,164,89,-2.9,"-2.9668028806416524,-2.9140257277644235,-2.949375273797957,-2.995411429806443"
1.6,281,Human,0,192,65,975,-1.6,"-1.59620941252633,-1.727227320140222,-1.6588107797388814,-1.998831459819848"
1.45,282,Human,0,8,165,414,-1.45,"-1.4763429778907413,-1.5153453323734103,-1.5900803504064998,-1.7449861708905012"
3.3,285,Human,1,193,38,842,-3.3,"-6.156385642180362,-3.291838003939631,-5.077104358179445,-6.993333333333334"
2.2333333333333334,286,Human,0,192,166,295,-2.2333333333333334,"-2.224135453488373,-2.2845085165064574,-2.33386024755076,-2.3026490240117585"
1.7833333333333334,287,Human,0,19,64,23,-1.7833333333333334,"-1.7867234600638806,-1.8888052939859865,-1.8236662698667279,-1.8359766063863407"
1.9666666666666666,289,Human,0,12,168,1048,-1.9666666666666666,"-1.957346990397845,-2.049047799798065,-2.0014345937024647,-2.133971040844293"
4.4,290,Human,0,55,0,926,-4.4,"-4.416545778366764,-4.4488971136589495,-4.441127932557703,-4.480675384862928"
2.183333333333333,292,Human,1,196,1,926,-2.183333333333333,"-2.2464525268648616,-2.190156202849926,-2.256165295508146,-2.4677748210813237"
8.45,294,Human,3,198,17,1772,-8.45,"-8.51297381592397,-8.592144217267862,-8.674702046066379,-8.430742432078143"
6.4,295,Human,1,37,25,446,-6.4,"-8.931632971072485,-6.425226072723048,-7.34081503213423,-7.32771287038182"
1.95,297,Human,0,199,171,1504,-1.95,"-1.950264839636064,-1.9986283795822148,-1.9751401366764627,-1.964734333903353"
3.8333333333333335,298,Human,3,200,35,824,-3.8333333333333335,"-4.0496239619744525,-4.040770279971049,-4.098239842265345,-3.89498293999326"
1.8166666666666667,299,Human,3,199,172,1313,-1.8166666666666667,"-1.8209456905690502,-1.8319949520484942,-1.8523709046736914,-1.8044089884031063"
3.3666666666666667,302,Human,0,12,173,1189,-3.3666666666666667,"-3.377744630439396,-3.4543072958377667,-3.48147299075178,-3.5565351257001687"
1.9333333333333333,304,Human,1,202,1,244,-1.9333333333333333,"-2.1104314085543265,-1.9476063690455212,-1.984074127091643,-2.0055974197834177"
1.45,308,Human,0,203,65,1353,-1.45,"-1.4311858832578728,-1.5563589340969166,-1.5643513188384934,-1.5764255542465893"
3.1333333333333333,312,Human,3,205,178,706,-3.1333333333333333,"-3.2327225148082785,-3.216661025880204,-3.244061616321365,-3.1341777132580804"
7.733333333333333,314,Human,1,207,177,1593,-7.733333333333333,"-10.315698413433477,-7.7298711437725345,-10.455429297012296,-8.779604257950579"
0.75,315,Human,0,208,180,1778,-0.75,"-0.7411920408481532,-0.8236269717684511,-0.77106168262757,-0.789405648988225"
4.133333333333334,316,Human,0,190,144,1310,-4.133333333333334,"-4.1057515950282175,-4.255443155546658,-4.277794982392063,-4.147678048755201"
2.566666666666667,319,Human,0,211,34,498,-2.566666666666667,"-2.5105921977051966,-2.560329608166089,-2.582835992152448,-2.5749727202036055"
1.5166666666666666,320,Human,0,12,181,297,-1.5166666666666666,"-1.523828527530299,-3.474338717814023,-3.1544242916902103,-3.94240739872024"
2.2333333333333334,321,Human,0,165,35,254,-2.2333333333333334,"-2.229191328416647,-2.3113689245687943,-2.3341113688561084,-2.3060524310116635"
2.183333333333333,323,Human,0,198,165,1610,-2.183333333333333,"-2.1852963837588284,-2.5815808095853754,-2.5837647407855293,-2.59415046120422"
6.1,324,Human,1,213,182,327,-6.1,"-6.1332079827546035,-6.089877644103301,-6.1878775324188755,-6.171834356715885"
1.5333333333333334,325,Human,0,214,65,563,-1.5333333333333334,"-1.5354450238100485,-1.7261440729541637,-1.6849619009244066,-1.72673638012959"
3.65,326,Human,0,215,183,1339,-3.65,"-3.518143269088893,-3.822702867986813,-3.664117073142281,-3.7559892185302814"
1.9666666666666666,327,Human,0,216,184,1656,-1.9666666666666666,"-1.8112177272034085,-1.8501940354658355,-1.8547190784990053,-1.8778660641308114"
4.366666666666666,330,Human,0,218,182,1080,-4.366666666666666,"-4.397976253739425,-4.508808908466565,-4.541766817025614,-4.562256948167786"
3.2,331,Human,2,219,185,231,-3.2,"-3.2783196158232912,-3.192439597984162,-3.1143237997268645,-3.3403474535962694"
2.2666666666666666,334,Human,1,220,65,1647,-2.2666666666666666,"-2.2802996701645855,-2.2652568733383767,-2.3191424945116914,-2.2816600909641185"
3.25,335,Human,3,168,187,798,-3.25,"-3.351714515002257,-3.3318497421811264,-5.073165831701961,-3.226534897337674"
2.6166666666666667,338,Human,0,8,188,478,-2.6166666666666667,"-2.619381044640272,-2.647562537389805,-2.7534784545236386,-2.678236231707032"
1.45,340,Human,2,222,189,729,-1.45,"-1.8635903103744502,-1.797649862405559,-1.455289637275628,-1.809576471246717"
5.6,343,Human,2,224,11,188,-5.6,"-7.7162551716327155,-7.274798923397997,-5.599561829307295,-7.307776756089691"
10.133333333333333,348,Human,1,27,19,1362,-10.133333333333333,"-10.173279514500912,-10.119033468757406,-10.21434968429019,-10.185996132881826"
0.9833333333333333,350,Human,0,0,151,1685,-0.9833333333333333,"-0.9754427611004542,-1.0156658870728406,-1.027631996746225,-1.1036404491078777"
0.85,351,Human,0,222,130,193,-0.85,"-0.8525327626871176,-0.8965482269582885,-0.9845401009215395,-0.9502408327225813"
1.6166666666666667,353,Human,0,59,181,789,-1.6166666666666667,"-1.6139437065320523,-1.714066307558128,-1.7771385527637984,-1.677985158965784"
1.55,355,Human,2,58,191,1366,-1.55,"-1.574032269308932,-1.6275275493747172,-1.5327806717333379,-1.7562258829654498"
6.3,357,Human,0,165,39,1285,-6.3,"-6.305463120919883,-6.327465969263587,-6.3671201448651775,-6.330682024544748"
1.1833333333333333,359,Human,0,73,193,104,-1.1833333333333333,"-1.184309977188895,-3.491801692983115,-3.468075647102219,-3.9898733101866526"
0.4166666666666667,362,Human,0,201,184,1618,-0.4166666666666667,"-0.411767486203546,-0.49286541397120265,-0.482212130500307,-0.6086522745147085"
2.8833333333333333,363,Human,2,231,116,50,-2.8833333333333333,"-4.849429903504593,-5.05810020036999,-2.8826711882490894,-5.146249520757026"
4.9,365,Human,0,21,151,1246,-4.9,"-4.902906985775309,-4.972740256906004,-4.970126456969679,-5.073823851921034"
8.766666666666667,367,Human,0,8,196,1298,-8.766666666666667,"-8.71193202605902,-8.818230123906606,-8.815040697701525,-8.809879880360576"
0.8833333333333333,369,Human,1,233,190,129,-0.8833333333333333,"-0.962795327071308,-0.8854127530484835,-1.0390760670299541,-0.961042369399731"
2.7333333333333334,370,Human,0,234,11,156,-2.7333333333333334,"-2.7432948137791278,-2.7910330864837825,-2.912596531845798,-2.8530196304295656"
3.2333333333333334,373,Human,1,0,84,1078,-3.2333333333333334,"-3.320733739067607,-3.230049439680668,-3.3342370778935355,-3.3577488223984386"
4.25,374,Human,2,192,43,686,-4.25,"-4.7053931987234865,-4.675214670179896,-4.273757127199534,-4.671098207362274"
1.15,376,Human,0,237,21,1186,-1.15,"-1.1576242582095064,-1.2456740846813301,-1.2380580206296992,-1.2687664772899212"
2.15,377,Human,0,238,198,1031,-2.15,"-2.157611308152362,-2.3962117316328975,-2.272137648023112,-2.2857986684567875"
4.8,379,Human,0,182,43,790,-4.8,"-4.894383937953127,-5.025620737744337,-5.035410090597367,-5.0272402274754455"
3.2666666666666666,380,Human,0,240,199,1625,-3.2666666666666666,"-3.2544971200252104,-4.188708080303622,-6.142072764577003,-4.5998996880249585"
3.5833333333333335,381,Human,0,241,200,769,-3.5833333333333335,"-3.5674106805134906,-3.9137715281277625,-3.9087983421277817,-3.911188000959924"
6.833333333333333,383,Human,0,126,18,1508,-6.833333333333333,"-6.842998225396492,-6.965485748783446,-8.123545977662543,-6.952949201725709"
3.9833333333333334,385,Human,0,94,144,880,-3.9833333333333334,"-3.642190348290581,-3.756805364456349,-3.757846135658398,-3.820115497960164"
3.9833333333333334,386,Human,1,8,26,1363,-3.9833333333333334,"-4.028100370979931,-3.9959869437166238,-4.021148814149441,-4.027437362209966"
4.9,387,Human,0,242,151,581,-4.9,"-4.915118080849976,-5.043982917671725,-5.054398941590817,-5.046894196072643"
6.033333333333333,388,Human,1,243,6,933,-6.033333333333333,"-6.194941904399401,-6.001644490378449,-8.777085421455734,-8.510685600150536"
3.9,389,Human,0,244,201,761,-3.9,"-3.8728783351638354,-4.184565938667301,-3.9665542580175948,-3.9213382758805824"
8.083333333333334,390,Human,2,104,1,523,-8.083333333333334,"-8.57085777558936,-8.800646789923793,-8.091657120792764,-8.741235899468336"
2.8833333333333333,394,Human,0,246,203,672,-2.8833333333333333,"-2.911903009222053,-3.024484134427646,-3.0262674191828145,-3.0189519286462696"
3.2666666666666666,397,Human,0,12,84,1640,-3.2666666666666666,"-3.2755472928601925,-3.302894648428126,-3.3606757859371252,-3.380304783297337"
2.566666666666667,399,Human,0,234,43,1665,-2.566666666666667,"-2.5712100249697167,-2.6262035037197027,-3.007280957091778,-2.713539236861051"
3.566666666666667,400,Human,0,172,204,1723,-3.566666666666667,"-3.52373448134862,-3.5995695353101653,-3.546450779302119,-3.546336182988868"
4.45,402,Human,2,251,88,681,-4.45,"-4.661053393674696,-4.691855168791211,-4.559379381048718,-4.694482564914807"
3.9166666666666665,403,Human,2,113,205,393,-3.9166666666666665,"-4.01580174510991,-4.085222045826734,-3.9410292711092856,-4.004600513398408"
4.0,404,Human,3,80,206,1195,-4.0,"-4.043514060453962,-4.069078294192829,-4.03048232453019,-3.9890873888568263"
6.35,407,Human,3,167,121,209,-6.35,"-8.082291837859438,-8.47498672158478,-8.276058173175057,-6.348978059892815"
3.35,408,Human,0,254,48,964,-3.35,"-3.6229393984941276,-3.7707088566585085,-3.7255798132594196,-3.7476296245202794"
8.383333333333333,409,Human,0,19,208,1363,-8.383333333333333,"-8.405068548136668,-8.51039219606295,-8.553332790662656,-8.524394489686335"
3.8666666666666667,410,Human,1,255,129,769,-3.8666666666666667,"-7.957993779697624,-3.8753353800506507,-4.127456560595153,-7.186518691908707"
0.85,411,Human,0,256,209,400,-0.85,"-0.8605873507257624,-1.2297208005374682,-1.256540916726662,-1.3294216462682984"
0.8666666666666667,412,Human,3,257,210,1000,-0.8666666666666667,"-1.0175338785207386,-1.0414014878809696,-1.1685385169186469,-0.8158416704518996"
5.4,413,Human,1,258,62,255,-5.4,"-6.347213679278743,-5.280866476127098,-6.372478927363905,-6.57173407130294"
1.4833333333333334,414,Human,0,13,52,1364,-1.4833333333333334,"-1.470514513669554,-1.5434738660907128,-1.5315102802015839,-1.7911207103431728"
2.183333333333333,415,Human,0,75,93,220,-2.183333333333333,"-2.194248223926718,-2.240993758302856,-2.244845832788904,-2.238155484828414"
1.15,420,Human,0,21,11,1363,-1.15,"-1.146215325058907,-1.1917850524598035,-1.2173641468682506,-1.2449584833213343"
1.9833333333333334,422,Human,3,10,197,1735,-1.9833333333333334,"-2.0473258869046536,-2.0829047706263504,-2.0518385277081834,-1.99885653881447"
0.8166666666666667,424,Human,0,262,82,543,-0.8166666666666667,"-0.8059908815869502,-0.9547883234941205,-1.370722342212623,-0.978917686585073"
5.816666666666666,425,Human,2,7,212,1589,-5.816666666666666,"-5.850011840707838,-5.855493670929998,-5.805702541283882,-5.8523206368270015"
1.5166666666666666,427,Human,3,263,42,735,-1.5166666666666666,"-5.712858115286778,-5.777780872311449,-6.301700464334246,-1.5393858845979431"
1.2166666666666666,429,Human,0,265,213,558,-1.2166666666666666,"-1.2240555733014913,-1.2588249634735433,-1.287343249141329,-1.2977417670406353"
3.05,431,Human,2,266,189,1458,-3.05,"-3.2081884843176116,-3.212424517613376,-3.0300237765524303,-3.122042454313556"
0.65,432,Human,0,64,169,636,-0.65,"-0.6496213072987909,-0.6565399491240702,-0.6652023230141589,-0.6733425562754981"
1.1166666666666667,433,Human,1,267,147,1279,-1.1166666666666667,"-1.1304940798551444,-1.1275556589015996,-1.1517249128869693,-1.1351500181963046"
2.15,436,Human,0,269,130,1493,-2.15,"-2.1549109934365225,-2.22096634209317,-2.2372295339506234,-2.30160421877702"
1.8333333333333333,438,Human,0,270,22,941,-1.8333333333333333,"-1.8455770213779257,-1.9758540785845327,-1.9036250857056682,-1.912145140654057"
1.4333333333333333,439,Human,0,189,130,555,-1.4333333333333333,"-1.4133932126226836,-1.459716672819766,-1.9738392683760817,-1.4625943923805083"
4.016666666666667,440,Human,0,271,165,1198,-4.016666666666667,"-3.9479281226085976,-4.039893584678643,-4.136951968044101,-4.105647321286273"
1.5333333333333334,441,Human,1,121,129,15,-1.5333333333333334,"-1.5491862757163344,-1.5258908359499195,-1.5734342162010955,-1.9642302133236305"
2.433333333333333,442,Human,0,272,190,1223,-2.433333333333333,"-2.419306239475569,-2.4977221223617625,-2.5400241646374115,-2.602232771553001"
1.9833333333333334,444,Human,0,273,212,493,-1.9833333333333334,"-2.0111013480811906,-2.9571760755266814,-2.91915472368264,-3.017777654881876"
2.5166666666666666,446,Human,0,275,198,1431,-2.5166666666666666,"-2.4985383065950173,-2.647753416363606,-2.639853805726456,-2.607049952512302"
7.2,447,Human,0,276,216,897,-7.2,"-7.203571470521424,-7.271909176032698,-7.234664835634147,-7.390052016447664"
1.8666666666666667,448,Human,0,277,217,1141,-1.8666666666666667,"-1.8808601244862044,-1.9345939374538408,-1.9676995360875182,-1.965931355554562"
1.3166666666666667,450,Human,0,278,73,625,-1.3166666666666667,"-1.3270704473109112,-2.1504495654749056,-2.0573436091634543,-2.0128155078670256"
4.016666666666667,451,Human,0,279,44,877,-4.016666666666667,"-3.7992478730107266,-3.813993024951595,-3.827039021200819,-3.8118114134821774"
4.0,452,Human,0,259,8,28,-4.0,"-3.949383753358826,-4.1586225101991845,-4.095821454283657,-4.045387568994481"
3.7666666666666666,454,Human,2,182,44,582,-3.7666666666666666,"-4.522937847988602,-4.4876470486719535,-3.87448732569305,-4.496795867204565"
7.016666666666667,455,Human,1,194,82,788,-7.016666666666667,"-7.252920369347305,-7.015156067301793,-7.289709968974748,-7.275423631780026"
0.8333333333333334,457,Human,0,12,218,405,-0.8333333333333334,"-0.850640297102474,-2.314979058462833,-2.315019878133697,-2.321647961490992"
1.7166666666666666,459,Human,3,47,220,686,-1.7166666666666666,"-2.02650505507469,-1.9730649633921185,-1.9931936129116679,-1.6838510286466994"
1.8666666666666667,460,Human,0,281,151,680,-1.8666666666666667,"-1.8574817016144074,-2.7687854754299486,-2.572974678600875,-2.3919613461473634"
2.8833333333333333,461,Human,0,282,151,1441,-2.8833333333333333,"-2.8309258638393953,-3.223401857849117,-3.1286800724720707,-3.19297700600146"
2.85,465,Human,0,170,44,275,-2.85,"-2.863080648071266,-4.559351886261369,-4.739951105140619,-4.943161617691819"
1.0166666666666666,466,Human,0,285,9,760,-1.0166666666666666,"-1.0122419720500877,-1.099934070164243,-1.0924827261819057,-1.0804"
2.8666666666666667,467,Human,1,286,44,58,-2.8666666666666667,"-3.017873610901445,-2.9019367637434637,-3.025535253360614,-3.0139046805215894"
2.9166666666666665,468,Human,0,287,221,1111,-2.9166666666666665,"-2.922772870887657,-3.1290247522610533,-3.101695911687065,-3.2893322051642833"
3.1166666666666667,470,Human,0,51,82,1500,-3.1166666666666667,"-3.1351017245185533,-4.2945189728821695,-3.690960281636915,-4.01197281158973"
8.05,472,Human,3,199,108,43,-8.05,"-10.199951859578618,-10.293558438458021,-9.920662476846276,-8.009333967428779"
3.6166666666666667,473,Human,1,32,44,362,-3.6166666666666667,"-4.558338157781131,-3.2526513684153535,-4.894107486883297,-4.6282208713319575"
3.1666666666666665,475,Human,3,291,94,610,-3.1666666666666665,"-3.2169234809887217,-3.2344443484521244,-3.208150399145321,-3.184653089417129"
2.9833333333333334,476,Human,1,44,97,890,-2.9833333333333334,"-3.074399070794337,-2.992463965464168,-3.0180688429977645,-3.0240778136789057"
1.9333333333333333,477,Human,1,4,223,747,-1.9333333333333333,"-2.0245767498766503,-1.933189589695476,-2.0301247900167985,-2.044918761699064"
5.283333333333333,478,Human,0,292,129,871,-5.283333333333333,"-5.280014417919688,-5.339239666086092,-5.337967363103612,-5.367093616560454"
1.15,481,Human,0,114,43,520,-1.15,"-1.154875586440562,-1.216925442764579,-1.2497571394288458,-1.346167506599472"
1.6,483,Human,0,293,88,350,-1.6,"-1.5501290886377843,-1.6161819054475641,-1.6594940244780418,-1.590114597475402"
7.133333333333334,485,Human,1,295,48,402,-7.133333333333334,"-8.197451834027245,-7.154598872971281,-8.200291006136093,-8.22804137300889"
8.033333333333333,486,Human,2,180,104,700,-8.033333333333333,"-8.241058085149055,-8.233855208724389,-8.059052933013533,-8.189902916414027"
1.2666666666666666,487,Human,0,259,226,623,-1.2666666666666666,"-1.2826450452479292,-1.4184605173986085,-1.4213203666906649,-1.429363892775196"
4.25,488,Human,0,296,224,824,-4.25,"-3.8904193259319126,-4.059261041593473,-4.08691395415896,-4.05387265537106"
3.95,489,Human,1,297,157,1150,-3.95,"-4.1462378395615085,-4.0164287720188065,-4.142633800582458,-4.245512853563715"
1.85,490,Human,1,242,52,403,-1.85,"-1.990076025917927,-1.8862436636796787,-2.0170660907127433,-2.0352315814734823"
1.6,491,Human,0,298,146,815,-1.6,"-1.6000282681626328,-1.6242823819164351,-1.6220386607059625,-1.6518636467693426"
3.2666666666666666,495,Human,3,299,170,715,-3.2666666666666666,"-3.3297450099745145,-3.463154773296708,-3.3819556378332236,-3.2180377202947703"
1.5833333333333333,496,Human,2,62,4,0,-1.5833333333333333,"-1.60427970010824,-1.63109995448789,-1.5797511835177585,-1.731941261080752"
1.6833333333333333,497,Human,0,13,85,596,-1.6833333333333333,"-1.66224864883209,-1.693922058075354,-1.74502266762659,-1.6946580112645226"
3.033333333333333,499,Human,3,301,12,549,-3.033333333333333,"-4.059187309403966,-3.987267881080643,-3.775329097770216,-2.9759872012639255"
1.4,500,Human,0,275,170,551,-1.4,"-1.4077423755456804,-1.4608191581489274,-1.4460719402946394,-1.4888230482208715"
1.0333333333333334,502,Human,0,223,56,1076,-1.0333333333333334,"-1.032076833125867,-1.6659390446731115,-1.279792272455552,-1.2121308021245527"
0.7666666666666667,504,Human,0,302,228,56,-0.7666666666666667,"-0.759943875196706,-0.7802131956290144,-0.7808104565271325,-0.8003950914202007"
6.366666666666666,505,Human,3,134,151,1293,-6.366666666666666,"-6.529028128812584,-6.514444573667611,-6.521354989997425,-6.377360450705936"
3.3,506,Human,2,227,44,541,-3.3,"-4.14587656550771,-4.147640713099828,-3.3120932587699348,-4.160660659888061"
1.3333333333333333,510,Human,0,223,73,391,-1.3333333333333333,"-1.3352125600765075,-1.3625442614184973,-1.350823941461502,-1.341527369491624"
0.7333333333333333,512,Human,0,227,228,803,-0.7333333333333333,"-0.7409478482827025,-0.7623432560908187,-0.8680105429549433,-2.200619165588265"
1.4,513,Human,0,65,230,193,-1.4,"-1.4182524329642217,-1.5093809630192252,-1.6277793949863175,-1.4877899107685648"
0.9166666666666666,515,Human,0,172,231,174,-0.9166666666666666,"-0.9290804763248925,-1.0121748516752582,-1.005967603606503,-1.0315041403060392"
0.75,516,Human,0,70,232,1674,-0.75,"-0.7541071388797064,-0.7855392589798937,-0.7995655772667722,-0.8128855704749742"
6.183333333333334,519,Human,2,51,233,1157,-6.183333333333334,"-7.502456844099483,-8.475807715653682,-6.2011229772366505,-7.502964156828217"
3.6,521,Human,0,305,115,1511,-3.6,"-3.596187086315337,-3.747909262572804,-3.7523860238179076,-3.742385983528319"
6.816666666666666,525,Human,2,51,217,1181,-6.816666666666666,"-7.232571676691146,-8.045828004691172,-6.822851821593657,-8.55688771019818"
3.3833333333333333,530,Human,1,184,139,1074,-3.3833333333333333,"-5.133849592533987,-3.3784179254203788,-4.273059192934456,-5.049196275988788"
7.566666666666666,532,Human,1,55,35,395,-7.566666666666666,"-7.601755250927959,-7.549247673460306,-7.6715850910727035,-7.604958231113991"
1.1666666666666667,533,Human,0,308,82,1023,-1.1666666666666667,"-1.20742428101777,-1.2265925605951526,-1.2681689464842816,-1.3229853611711064"
1.3,534,Human,0,184,11,1367,-1.3,"-1.3129304215547954,-3.8606227797725783,-4.055441736202334,-4.385011882268925"
3.4166666666666665,535,Human,1,309,44,1356,-3.4166666666666665,"-4.034814494840413,-3.4308474602077172,-5.1503674083993705,-3.536841231540015"
0.9333333333333333,537,Human,0,259,11,825,-0.9333333333333333,"-0.9365294263932903,-1.1205543556515478,-0.9817258321708666,-1.3413486921046318"
5.866666666666666,538,Human,1,201,196,1035,-5.866666666666666,"-6.027334136324181,-5.817541376885599,-6.013799526555422,-6.030536624728372"
2.55,539,Human,3,108,223,1212,-2.55,"-5.197908354406424,-4.877271250577976,-5.3204237102610845,-2.5337201815922326"
3.1333333333333333,540,Human,0,163,236,622,-3.1333333333333333,"-3.1314473213338463,-3.1759130130636732,-3.443552465397728,-3.198174629022298"
3.1333333333333333,541,Human,2,163,97,1766,-3.1333333333333333,"-3.2180232545588416,-3.205870080921527,-3.1510247065272443,-3.2131341097461323"
4.15,542,Human,0,50,237,374,-4.15,"-4.181852731014615,-4.261697015820272,-4.762570531351192,-4.338253493845282"
5.05,544,Human,1,276,122,759,-5.05,"-5.560926685198535,-5.209254627049279,-5.589248368959156,-5.541338760447068"
1.4,546,Human,0,75,82,348,-1.4,"-1.3878050007731226,-1.5019917446604272,-1.4163348526997845,-1.495315094792417"
1.8833333333333333,548,Human,0,9,238,1288,-1.8833333333333333,"-1.8886569461387581,-1.9239005426096654,-1.9187763374674587,-1.9361244292971849"
0.9666666666666667,550,Human,0,311,11,713,-0.9666666666666667,"-0.9791767267650254,-3.5044890192429925,-3.9741397383240358,-5.085174434919777"
9.366666666666667,551,Human,1,312,151,1668,-9.366666666666667,"-9.432562850771486,-9.364576574011974,-9.469502868056498,-9.42666883215994"
2.3833333333333333,552,Human,1,313,82,1311,-2.3833333333333333,"-4.154910641916892,-2.3139581634486053,-4.1594818580526844,-4.242031075137881"
5.233333333333333,553,Human,0,11,157,1660,-5.233333333333333,"-5.23195681071224,-5.273144966530688,-5.329823208899355,-5.282711856584734"
1.8166666666666667,554,Human,0,9,16,492,-1.8166666666666667,"-1.8338259993825912,-1.9429338324193857,-1.9167152804333134,-1.9460605846856482"
4.2,555,Human,2,11,73,36,-4.2,"-6.167204865667417,-6.399567520165769,-4.19977659878565,-5.87468297466416"
3.1333333333333333,556,Human,0,9,36,1522,-3.1333333333333333,"-3.1378842586906703,-3.1650025477709756,-4.220589261949954,-3.855748722820446"
1.65,557,Human,0,293,239,1203,-1.65,"-1.6460353624747779,-1.8208783297336213,-1.7105075881929448,-1.725637628989681"
1.7666666666666666,558,Human,0,263,47,38,-1.7666666666666666,"-1.7014257458675002,-1.7542483300311214,-1.775346523138949,-1.7413528695396614"
7.333333333333333,560,Human,0,112,35,562,-7.333333333333333,"-7.424507231877679,-7.605963702166374,-7.629969605643871,-7.708881559662828"
2.5833333333333335,561,Human,0,198,182,100,-2.5833333333333335,"-2.5941998880909405,-2.645294672413246,-2.6137308550829172,-2.680796043591574"
4.0,562,Human,3,252,0,1641,-4.0,"-5.2290097437009955,-4.196638554018947,-4.233834407198819,-3.9995606281607623"
8.066666666666666,563,Human,2,11,82,164,-8.066666666666666,"-9.045530374028813,-9.142144472069191,-7.701552132955454,-8.905969240788902"
3.183333333333333,565,Human,2,143,52,1346,-3.183333333333333,"-3.2060676228201883,-3.2471222186870143,-3.1791483105582317,-3.2278936101142777"
1.8333333333333333,566,Human,0,9,42,284,-1.8333333333333333,"-1.8156698216998255,-1.8254628527116954,-1.8312606397632292,-3.768722468164599"
1.2666666666666666,568,Human,0,178,236,1537,-1.2666666666666666,"-1.2656829588623082,-2.0577396800570775,-3.2700382938025987,-1.3111580922757504"
5.8,570,Human,1,316,77,1352,-5.8,"-5.961885588306509,-5.814494212903191,-5.971162398857615,-5.968519339140947"
1.1833333333333333,573,Human,0,318,24,1570,-1.1833333333333333,"-1.179233613587375,-1.2517643580513562,-1.2222114288456924,-1.2380845884329255"
2.4,575,Human,0,2,124,374,-2.4,"-2.4067864123341765,-2.4891976186225104,-2.4349441108227508,-2.45548423326134"
2.2333333333333334,578,Human,0,95,36,1761,-2.2333333333333334,"-2.2342425446948977,-2.246640687181851,-2.262841788758774,-2.2476192941290707"
2.933333333333333,579,Human,0,319,17,1220,-2.933333333333333,"-2.9391278995254124,-2.960577518314452,-2.9614248271497003,-2.9652197648046847"
1.9666666666666666,581,Human,0,99,240,1583,-1.9666666666666666,"-2.0085430532398325,-2.0623694128333403,-2.0661917611048555,-2.086226470335493"
1.6166666666666667,582,Human,3,4,241,962,-1.6166666666666667,"-1.6857800388162232,-2.3659294456443485,-1.6830624611893452,-1.6123101775682036"
4.266666666666667,583,Human,0,320,127,909,-4.266666666666667,"-4.275893454322594,-4.364223895750026,-4.387655102072529,-4.401883078433474"
0.85,584,Human,0,321,38,134,-0.85,"-0.8595541240214636,-0.8907548159643612,-0.9228232516556193,-0.8766909030739815"
0.7,585,Human,0,322,242,1334,-0.7,"-0.6991872207685694,-2.516096750063775,-0.7288644942766416,-0.8371715735288431"
2.783333333333333,587,Human,1,262,8,500,-2.783333333333333,"-3.3510376769858414,-2.8664442258741727,-3.1895008399328058,-3.260055195584354"
2.1,588,Human,0,324,15,1366,-2.1,"-2.0926369379931504,-2.141170063358772,-2.1509410693928483,-2.129613223005136"
1.4666666666666666,589,Human,0,34,0,1361,-1.4666666666666666,"-1.4727508193865324,-1.526861541088281,-1.665981867301201,-2.1177264972717573"
3.4166666666666665,590,Human,1,146,199,1552,-3.4166666666666665,"-4.156543435482758,-3.407395416476299,-4.202289416846654,-5.0578209743220555"
4.416666666666667,592,Human,0,30,98,1254,-4.416666666666667,"-4.404362935124228,-4.431607000532093,-4.470577688120643,-4.516259451310143"
3.4,595,Human,2,184,8,2,-3.4,"-3.680927307590371,-3.7003691176893074,-3.4145090495414663,-3.6424795088580133"
5.233333333333333,596,Human,0,15,0,1466,-5.233333333333333,"-5.252746756425621,-5.31686312642677,-5.350592471650024,-5.35473781688151"
1.7333333333333334,597,Human,0,328,8,1624,-1.7333333333333334,"-1.744284082695039,-1.8079455646748261,-1.7807218622510197,-1.8239154154067676"
3.033333333333333,599,Human,0,329,36,1232,-3.033333333333333,"-3.0162787390774923,-3.1129642428605715,-3.193995200383969,-3.591131807565206"
1.2166666666666666,600,Human,0,328,47,889,-1.2166666666666666,"-1.2171945633322359,-1.6363690904727617,-1.2721256270698345,-1.32949844012479"
3.183333333333333,603,Human,1,21,201,492,-3.183333333333333,"-3.190177335383647,-3.135114306713227,-3.2463392988974924,-3.7544089344139606"
2.2666666666666666,604,Human,3,30,244,1357,-2.2666666666666666,"-3.146536763827571,-2.727085710558097,-2.5006528084687525,-2.284607723188352"
6.066666666666666,605,Human,3,330,0,1261,-6.066666666666666,"-6.155814797347507,-6.110313706428701,-6.204356922799321,-6.069805518479219"
3.0,610,Human,1,333,36,1712,-3.0,"-3.0358705742313035,-3.0075022429235356,-3.0378645374187667,-3.027570731557476"
3.0,614,Human,1,142,201,1099,-3.0,"-5.010624795927341,-3.0206604695912387,-4.489413385870241,-4.632486952798952"
5.933333333333334,616,Human,3,335,0,399,-5.933333333333334,"-6.878202801379184,-6.8202138792644025,-6.84543262715144,-5.976465323808792"
3.4,617,Human,0,4,246,1311,-3.4,"-3.4405329053866964,-3.4646591392067374,-3.5298064281833463,-3.488789076073915"
3.8,618,Human,0,148,8,1638,-3.8,"-3.803746455472922,-3.8399113107751384,-3.8477586257585803,-3.872242967449773"
1.05,620,Human,1,336,103,413,-1.05,"-1.0765779139179266,-1.0523505823005606,-1.0932282985361172,-1.1162711783057357"
1.3166666666666667,624,Human,0,144,8,552,-1.3166666666666667,"-1.3271199247631884,-1.3613059486441088,-3.3218022558195353,-1.7568154547636188"
0.9166666666666666,625,Human,0,331,248,658,-0.9166666666666666,"-0.9369641006970955,-1.014300455963523,-1.0086220302375812,-1.0494360451163907"
2.0833333333333335,626,Human,2,338,249,661,-2.0833333333333335,"-2.1092566497711105,-2.1105153432465986,-2.0871093517353216,-2.1301019322873245"
0.8666666666666667,627,Human,0,128,250,1096,-0.8666666666666667,"-0.8453870472345075,-1.1337293016558674,-0.9212162994960407,-1.6377489800815936"
1.8166666666666667,631,Human,0,291,48,1701,-1.8166666666666667,"-1.8113528725344163,-1.8408791828169024,-1.867739960643149,-1.8984420446364294"
4.25,632,Human,1,146,32,337,-4.25,"-4.427995296376291,-4.255186312706497,-4.447365010799137,-4.415538276937846"
1.7166666666666666,633,Human,2,46,251,1175,-1.7166666666666666,"-1.774994015838733,-1.7598605231581477,-1.7001889118838804,-1.8069025581953446"
